# FileDumpOut Hex Dump
Source-File: 四角_グラデーション_角形.mif
Source-Path: D:\DelphiProg\test\VectArtDesigner\mif\四角_グラデーション_角形.mif
File-Size: 17855 bytes
Last-Modified-UTC: 2026-09-08T05:46:29.778Z
Generated-UTC: 2026-09-08T05:46:30.066Z
Bytes-Per-Line: 16
Columns: offset | hexadecimal bytes | ASCII (non-printable bytes are periods)

OFFSET           | 00 01 02 03 04 05 06 07  08 09 0A 0B 0C 0D 0E 0F | ASCII
-----------------+---------------------------------------------------+-----------------
0000000000000000 | 4D 49 4D 47 0D 0A 1A 00  00 00 00 04 4D 48 44 52 | MIMG........MHDR
0000000000000010 | 00 00 00 06 00 00 30 07  49 50 4E 47 89 50 4E 47 | ......0.IPNG.PNG
0000000000000020 | 0D 0A 1A 0A 00 00 00 0D  49 48 44 52 00 00 07 80 | ........IHDR....
0000000000000030 | 00 00 04 38 08 06 00 00  00 E8 D3 C1 43 00 00 00 | ...8........C...
0000000000000040 | 09 70 48 59 73 00 00 0B  12 00 00 0B 12 01 D2 DD | .pHYs...........
0000000000000050 | 7E FC 00 00 00 20 74 45  58 74 61 70 70 6C 69 63 | ~.... tEXtapplic
0000000000000060 | 61 74 69 6F 6E 20 6E 61  6D 65 00 57 65 62 41 72 | ation name.WebAr
0000000000000070 | 74 20 44 65 73 69 67 6E  65 72 6A 3D ED 32 00 00 | t Designerj=.2..
0000000000000080 | 00 18 77 61 44 41 61 70  70 6C 69 63 61 74 69 6F | ..waDAapplicatio
0000000000000090 | 6E 20 76 65 72 73 69 6F  6E 00 00 00 02 BC 03 6E | n version......n
00000000000000A0 | 03 91 00 00 00 1A 77 61  44 41 62 61 63 6B 67 72 | ......waDAbackgr
00000000000000B0 | 6F 75 6E 64 20 70 61 67  65 20 69 6E 64 65 78 00 | ound page index.
00000000000000C0 | 00 00 00 00 CF 2C 84 A8  00 00 20 00 49 44 41 54 | .....,.... .IDAT
00000000000000D0 | 78 9C EC DD 7F A4 E5 75  1E C7 F1 B7 6C 36 1B 4D | x......u....l6.M
00000000000000E0 | AB 44 A4 A4 28 11 89 88  94 AD 5D 8D 88 94 DD 89 | .D..(.....].....
00000000000000F0 | 12 11 89 48 51 52 22 52  54 34 22 22 11 29 4A 4A | ...HQR"RT4"".)JJ
0000000000000100 | 44 CA 36 AD 46 44 24 22  13 8D 34 22 52 54 94 88 | D.6.FD$"..4"RT..
0000000000000110 | 78 6F 9F CD DA 99 6D 7E  DC 1F E7 9C FB 3D AF F3 | xo....m~.....=..
0000000000000120 | 78 F0 32 CC DC 7B EE F7  C7 E7 BF A7 6B AA 01 00 | x.2..{......k...
0000000000000130 | 00 00 00 00 00 88 50 5B  7D 01 00 00 00 00 00 00 | ......P[}.......
0000000000000140 | 00 CC 86 00 0C 00 00 00  00 00 00 10 42 00 06 00 | ............B...
0000000000000150 | 00 00 00 00 00 08 21 00  03 00 00 00 00 00 00 84 | ......!.........
0000000000000160 | 10 80 01 00 00 00 00 00  00 42 08 C0 00 00 00 00 | .........B......
0000000000000170 | 00 00 00 21 04 60 00 00  00 00 00 00 80 10 02 30 | ...!.`.........0
0000000000000180 | 00 00 00 00 00 00 40 08  01 18 00 00 00 00 00 00 | ......@.........
0000000000000190 | 20 84 00 0C 00 00 00 00  00 00 10 42 00 06 00 00 |  ..........B....
00000000000001A0 | 00 00 00 00 08 21 00 03  00 00 00 00 00 00 84 10 | .....!..........
00000000000001B0 | 80 01 00 00 00 00 00 00  42 08 C0 00 00 00 00 00 | ........B.......
00000000000001C0 | 00 00 21 04 60 00 00 00  00 00 00 80 10 02 30 00 | ..!.`.........0.
00000000000001D0 | 00 00 00 00 00 40 08 01  18 00 00 00 00 00 00 20 | .....@......... 
00000000000001E0 | 84 00 0C 00 00 00 00 00  00 10 42 00 06 00 00 00 | ..........B.....
00000000000001F0 | 00 00 00 08 21 00 03 00  00 00 00 00 00 84 10 80 | ....!...........
0000000000000200 | 01 00 00 00 00 00 00 42  08 C0 00 00 00 00 00 00 | .......B........
0000000000000210 | 00 21 04 60 00 00 00 00  00 00 80 10 02 30 00 00 | .!.`.........0..
0000000000000220 | 00 00 00 00 40 08 01 18  00 00 00 00 00 00 20 84 | ....@......... .
0000000000000230 | 00 0C 00 00 00 00 00 00  10 42 00 06 00 00 00 00 | .........B......
0000000000000240 | 00 00 08 21 00 03 00 00  00 00 00 00 84 10 80 01 | ...!............
0000000000000250 | 00 00 00 00 00 00 42 08  C0 00 00 00 00 00 00 00 | ......B.........
0000000000000260 | 21 04 60 00 00 00 00 00  00 80 10 02 30 00 00 00 | !.`.........0...
0000000000000270 | 00 00 00 40 08 01 18 00  00 00 00 00 00 20 84 00 | ...@......... ..
0000000000000280 | 0C 00 00 00 00 00 00 10  42 00 06 00 00 00 00 00 | ........B.......
0000000000000290 | 00 08 21 00 03 00 00 00  00 00 00 84 10 80 01 00 | ..!.............
00000000000002A0 | 00 00 00 00 00 42 08 C0  00 00 00 00 00 00 00 21 | .....B.........!
00000000000002B0 | 04 60 00 00 00 00 00 00  80 10 02 30 00 00 00 00 | .`.........0....
00000000000002C0 | 00 00 40 08 01 18 00 00  00 00 00 00 20 84 00 0C | ..@......... ...
00000000000002D0 | 00 00 00 00 00 00 10 42  00 06 00 00 00 00 00 00 | .......B........
00000000000002E0 | 08 21 00 03 00 00 00 00  00 00 84 10 80 01 00 00 | .!..............
00000000000002F0 | 00 00 00 00 42 08 C0 00  00 00 00 00 00 00 21 04 | ....B.........!.
0000000000000300 | 60 00 00 00 00 00 00 80  10 02 30 00 00 00 00 00 | `.........0.....
0000000000000310 | 00 40 08 01 18 00 00 00  00 00 00 20 84 00 0C 00 | .@......... ....
0000000000000320 | 00 00 00 00 00 10 42 00  06 00 00 00 00 00 00 08 | ......B.........
0000000000000330 | 21 00 03 00 00 00 00 00  00 84 10 80 01 00 00 00 | !...............
0000000000000340 | 00 00 00 42 08 C0 00 00  00 00 00 00 00 21 04 60 | ...B.........!.`
0000000000000350 | 00 00 00 00 00 00 80 10  02 30 00 00 00 00 00 00 | .........0......
0000000000000360 | 40 08 01 18 00 00 00 00  00 00 20 84 00 0C 00 00 | @......... .....
0000000000000370 | 00 00 00 00 10 42 00 06  00 00 00 00 00 00 08 21 | .....B.........!
0000000000000380 | 00 03 00 00 00 00 00 00  84 10 80 01 00 00 00 00 | ................
0000000000000390 | 00 00 42 08 C0 00 00 00  00 00 00 00 21 04 60 00 | ..B.........!.`.
00000000000003A0 | 00 00 00 00 00 80 10 02  30 00 00 00 00 00 00 40 | ........0......@
00000000000003B0 | 08 01 18 00 00 00 00 00  00 20 84 00 0C 00 00 00 | ......... ......
00000000000003C0 | 00 00 00 10 42 00 06 00  00 00 00 00 00 08 21 00 | ....B.........!.
00000000000003D0 | 03 00 00 00 00 00 00 84  10 80 01 00 00 00 00 00 | ................
00000000000003E0 | 00 42 08 C0 00 00 00 00  00 00 00 21 04 60 00 00 | .B.........!.`..
00000000000003F0 | 00 00 00 00 80 10 02 30  00 00 00 00 00 00 40 08 | .......0......@.
0000000000000400 | 01 18 00 00 00 00 00 00  20 84 00 0C 00 00 00 00 | ........ .......
0000000000000410 | 00 00 10 42 00 06 00 00  00 00 00 00 08 21 00 03 | ...B.........!..
0000000000000420 | 00 00 00 00 00 00 84 10  80 01 00 00 00 00 00 00 | ................
0000000000000430 | 42 08 C0 00 00 00 00 00  00 00 21 04 60 00 00 00 | B.........!.`...
0000000000000440 | 00 00 00 80 10 02 F0 AF  AA CA 2C 66 00 00 00 00 | ..........,f....
0000000000000450 | 00 00 AC 2E B5 A8 7F 0B  C0 47 D5 2F 7D 74 FD 6C | .........G./}t.l
0000000000000460 | B6 D4 13 80 01 00 00 00  00 00 56 9B 5A D4 07 06 | ..........V.Z...
0000000000000470 | E0 63 EA A7 FE 53 FD 68  B6 54 1B E7 56 00 06 00 | .c...S.h.T..V...
0000000000000480 | 00 00 00 00 40 2D EA DF  07 E0 63 EB 87 3E AE BE | ....@-....c..>..
0000000000000490 | EF 6D F5 9D D9 A4 37 CE  E9 38 AF 02 30 00 00 00 | .m....7..8..0...
00000000000004A0 | 00 00 00 83 5A D4 87 0E  C0 C7 D7 B7 7D 42 7D D3 | ....Z.......}B}.
00000000000004B0 | 27 D6 D7 66 93 DA 38 97  E3 7C 0A C0 00 00 00 00 | '..f..8..|......
00000000000004C0 | 00 00 EC 4F 2D EA 23 07  E0 93 EA AB 3E B9 BE 34 | ...O-.#.....>..4
00000000000004D0 | 9B C4 C6 79 14 80 01 00  00 00 00 00 38 18 B5 A8 | ...y........8...
00000000000004E0 | D7 1E 80 4F A9 2F FA D4  DA 67 B6 25 1B E7 4F 00 | ...O./...g.%..O.
00000000000004F0 | 06 00 00 00 00 00 E0 70  D4 A2 5E 5F 00 3E AD 3E | .......p..^_.>.>
0000000000000500 | EF D3 EB B3 3E A3 F6 9A  2D 64 E3 BC 8D 73 27 00 | ....>...-d...s'.
0000000000000510 | 03 00 00 00 00 00 70 24  6A 51 6F 2C 00 9F 59 9F | ......p$jQo,..Y.
0000000000000520 | F6 59 F5 49 9F 5D 7B CC  E6 B2 71 BE C6 39 13 80 | .Y.I.]{...q..9..
0000000000000530 | 01 00 00 00 00 00 58 2B  B5 A8 37 17 80 CF A9 8F | ......X+..7.....
0000000000000540 | FB DC FA C8 6C A6 1B E7  4A 00 06 00 00 00 00 00 | ....l...J.......
0000000000000550 | 60 BD D4 A2 9E 4D 00 3E  AF 3E EC F3 EB 03 B3 4D | `....M.>.>.....M
0000000000000560 | 6D 9C 23 01 18 00 00 00  00 00 80 8D 52 8B 7A B6 | m.#.........R.z.
0000000000000570 | 01 F8 82 7A BF 2F AC F7  CC D6 B5 71 6E 04 60 00 | ...z./.....qn.`.
0000000000000580 | 00 00 00 00 00 36 4B 2D  EA F9 04 E0 8B EA DD BE | .....6K-........
0000000000000590 | B8 76 9B 1D 76 E3 9C 08  C0 00 00 00 00 00 00 CC | .v..v...........
00000000000005A0 | 8A 5A D4 F3 0B C0 97 D4  3B 7D 69 BD DD 97 D5 2E | .Z......;}i.....
00000000000005B0 | B3 03 36 CE C5 38 1F 02  30 00 00 00 00 00 00 B3 | ..6..8..0.......
00000000000005C0 | A4 16 F5 FC 03 F0 DF EA  AD BE BC DE EC ED F5 86 | ................
00000000000005D0 | AD F8 C6 39 18 E7 41 00  06 00 00 00 00 00 60 1E | ...9..A.......`.
00000000000005E0 | D4 A2 5E 5C 00 BE A2 5E  EF 2B EB 35 5B D1 8D F7 | ..^\...^.+.5[...
00000000000005F0 | 2F 00 03 00 00 00 00 00  30 4F 6A 51 2F 3E 00 5F | /.......0OjQ/>._
0000000000000600 | 55 AF F6 D5 F5 8A AD C8  C6 FB 16 80 01 00 00 00 | U...............
0000000000000610 | 00 00 58 04 B5 A8 B7 26  00 5F 53 2F F7 3F EA A5 | ..X....&._S/.?..
0000000000000620 | DE 51 2F 5A E8 C6 FB 1D  EF 59 00 06 00 00 00 00 | .Q/Z.....Y......
0000000000000630 | 00 60 51 D4 A2 DE DA 00  7C 6D BD D0 D7 D5 F3 7D | .`Q.....|m.....}
0000000000000640 | 7D 3D 67 21 1B EF 73 BC  57 01 18 00 00 00 00 00 | }=g!..s.W.......
0000000000000650 | 80 45 53 8B 7A 1A 01 F8  86 7A B6 6F AC 67 6C C9 | .ES.z....z.o.gl.
0000000000000660 | 37 DE A3 00 0C 00 00 00  00 00 C0 56 51 8B 7A 5A | 7..........VQ.zZ
0000000000000670 | 01 F8 A6 7A BA 6F AE A7  6C C9 36 DE 9B 00 0C 00 | ...z.o..l.6.....
0000000000000680 | 00 00 00 00 C0 56 53 8B  7A 9A 01 F8 96 7A B2 6F | .....VS.z....z.o
0000000000000690 | AD 27 6C E2 1B EF 49 00  06 00 00 00 00 00 60 2A | .'l...I.......`*
00000000000006A0 | D4 A2 9E 76 00 BE AD 1E  EF DB 6B A7 4D 6C E3 BD | ...v......k.Ml..
00000000000006B0 | 08 C0 00 00 00 00 00 00  4C 8D 5A D4 D3 0F C0 77 | ........L.Z....w
00000000000006C0 | D4 63 7D 67 3D DA 77 D5  23 B6 C5 1B EF 61 BC 0F | .c}g=.w.#....a..
00000000000006D0 | 01 18 00 00 00 00 00 80  29 52 8B 7A 79 02 F0 DD | ........)R.zy...
00000000000006E0 | F5 70 DF 53 0F F5 BD F5  A0 2D 78 E3 B9 8F E7 2F | .p.S.....-x..../
00000000000006F0 | 00 03 00 00 00 00 00 30  65 6A 51 2F 5F 00 BE AF | .......0ejQ/_...
0000000000000700 | 1E E8 FB EB 7E 5B D0 C6  F3 16 80 01 00 00 00 00 | ....~[..........
0000000000000710 | 00 58 06 6A 51 2F 6F 00  7E A0 EE EB 07 EB 5E 9B | .X.jQ/o.~.....^.
0000000000000720 | D3 C6 F3 15 80 01 00 00  00 00 00 58 26 6A 51 2F | ...........X&jQ/
0000000000000730 | 77 00 7E A8 EE E9 87 EB  EE 7E A4 EE B2 19 6D 3C | w.~......~....m<
0000000000000740 | CF F1 5C 05 60 00 00 00  00 00 00 96 8D 5A D4 19 | ..\.`........Z..
0000000000000750 | 01 F8 D1 BA B3 1F AB 3B  7A 67 DD 6E 1B DC 78 7E | .......;zg.n..x~
0000000000000760 | E3 39 0A C0 00 00 00 00  00 00 2C 2B B5 A8 B3 02 | .9........,+....
0000000000000770 | F0 E3 75 5B 3F 51 B7 DA  3A 37 9E 9B 00 0C 00 00 | ..u[?Q..:7......
0000000000000780 | 00 00 00 C0 B2 53 8B 3A  33 00 3F 59 B7 F4 53 75 | .....S.:3.?Y..Su
0000000000000790 | B3 1D 61 E3 39 09 C0 00  00 00 00 00 00 A4 50 8B | ..a.9.........P.
00000000000007A0 | 3A 3B 00 3F 5D 37 F5 33  75 A3 FD DF C6 73 11 80 | :;.?]7.3u....s..
00000000000007B0 | 01 00 00 00 00 00 48 A3  16 F5 6A 04 E0 67 EB 86 | ......H...j..g..
00000000000007C0 | 7E AE AE 5F F9 8D E7 20  00 03 00 00 00 00 00 90 | ~.._... ........
00000000000007D0 | 4A 2D EA D5 09 C0 CF D7  75 FD 42 5D DB 2F D6 8E | J-......u.B]./..
00000000000007E0 | 95 DB B8 EF 71 FF 02 30  00 00 00 00 00 00 C9 D4 | ....q..0........
00000000000007F0 | A2 5E BD 00 FC 52 FD BD  5F AE 6B FA 95 BA 3A 7E | .^...R.._.k...:~
0000000000000800 | E3 3E C7 FD 0A C0 00 00  00 00 00 00 AC 02 B5 A8 | .>..............
0000000000000810 | 57 37 00 BF 5A 57 F5 6B  75 65 EC C6 FD 09 C0 00 | W7..ZW.kue......
0000000000000820 | 00 00 00 00 00 AC 12 B5  A8 05 E0 D7 EB 8A 7E A3 | ..............~.
0000000000000830 | B6 C7 6C DC 8F 00 0C 00  00 00 00 00 C0 2A 52 8B | ..l..........*R.
0000000000000840 | 5A 00 1E C1 F4 CD BA BC  DF AA BF F6 AE BA 6C 69 | Z.............li
0000000000000850 | 37 AE 7F DC 87 00 0C 00  00 00 00 00 C0 AA 52 8B | 7.............R.
0000000000000860 | 5A 00 DE 3F 00 BF 5D 97  F6 3B 75 49 EF AE 8B 97 | Z..?..]..;uI....
0000000000000870 | 66 E3 7A C7 75 0B C0 02  30 00 00 00 00 00 C0 AA | f.z.u...0.......
0000000000000880 | 53 8B 5A 00 3E 58 00 7E  B7 2E EA F7 EA C2 C9 6F | S.Z.>X.~.......o
0000000000000890 | 5C A7 00 2C 00 03 00 00  00 00 00 F0 1B B5 A8 05 | \..,............
00000000000008A0 | E0 C3 05 E0 F7 EB 82 FE  A0 CE 9F DC C6 75 09 C0 | .............u..
00000000000008B0 | 02 30 00 00 00 00 00 00  07 52 8B 5A 00 5E 4B 00 | .0.......R.Z.^K.
00000000000008C0 | FE B0 CE EB 8F EA DC 2D  DF B8 0E 01 58 00 06 00 | .......-....X...
00000000000008D0 | 00 00 00 00 E0 E0 D4 A2  16 80 D7 13 80 3F AE 73 | .............?.s
00000000000008E0 | 7A 4F 9D BD F0 8D 9F 2B  00 0B C0 00 00 00 00 00 | zO.....+........
00000000000008F0 | 00 1C 9E 5A D4 02 F0 7A  03 F0 27 75 56 7F 5A 67 | ...Z...z..'uV.Zg
0000000000000900 | F6 DE 3A 63 EE 1B 3F 67  FC 3C 01 58 00 06 00 00 | ..:c..?g.<.X....
0000000000000910 | 00 00 00 E0 C8 D4 A2 16  80 37 1A 80 3F AB D3 FB | .........7..?...
0000000000000920 | F3 3A AD F7 D5 A9 33 DF  F8 DC F1 F9 02 B0 00 0C | .:....3.........
0000000000000930 | 00 00 00 00 00 C0 DA A9  45 2D 00 6F 36 00 7F 51 | ........E-.o6..Q
0000000000000940 | A7 F4 97 75 F2 CC 36 3E  4F 00 16 80 01 00 00 00 | ...u..6>O.......
0000000000000950 | 00 00 58 3F B5 A8 05 E0  59 05 E0 AF EA A4 FE BA | ..X?....Y.......
0000000000000960 | 4E DC F0 C6 F7 0B C0 02  30 00 00 00 00 00 00 1B | N.......0.......
0000000000000970 | A7 16 B5 00 3C CB 00 FC  4D 9D D0 DF D6 F1 FD 5D | ....<...M......]
0000000000000980 | 6D 5B F3 C6 D7 8F EF 13  80 05 60 00 00 00 00 00 | m[........`.....
0000000000000990 | 00 36 47 2D 6A 01 78 1E  01 F8 FB 3A AE 7F A8 63 | .6G-j.x....:...c
00000000000009A0 | FB C7 FA D3 21 37 FE 7D  7C 9D 00 2C 00 03 00 00 | ....!7.}|..,....
00000000000009B0 | 00 00 00 30 1B 6A 51 0B  C0 F3 0C C0 3F D5 31 FD | ...0.jQ.....?.1.
00000000000009C0 | 73 1D FD BB 8D BF 17 80  05 60 00 00 00 00 00 00 | s........`......
00000000000009D0 | 66 4B 2D 6A 01 78 11 01  F8 97 3A 6A 3C E8 FF FC | fK-j.x....:j<...
00000000000009E0 | 29 00 0B C0 00 00 00 00  00 00 CC 87 5A D4 02 B0 | )...........Z...
00000000000009F0 | DF 00 16 80 01 00 00 00  00 00 C8 A0 16 B5 00 EC | ................
0000000000000A00 | FF 00 16 80 01 00 00 00  00 00 C8 A0 16 B5 00 3C | ...............<
0000000000000A10 | 8F 00 FC 5D 6D 5B F3 04  60 01 18 00 00 00 00 00 | ...]m[..`.......
0000000000000A20 | 80 D9 50 8B 5A 00 9E 65  00 FE BA 4E DC F0 04 60 | ..P.Z..e...N...`
0000000000000A30 | 01 18 00 00 00 00 00 80  CD 51 8B 5A 00 9E 55 00 | .........Q.Z..U.
0000000000000A40 | 9E D5 04 60 01 18 00 00  00 00 00 80 8D 51 8B 5A | ...`.........Q.Z
0000000000000A50 | 00 DE 6C 00 DE 57 A7 CE  7C 02 B0 00 0C 00 00 00 | ..l..W..|.......
0000000000000A60 | 00 00 C0 FA A9 45 2D 00  6F 34 00 EF AD 33 E6 3E | .....E-.o4...3.>
0000000000000A70 | 01 58 00 06 00 00 00 00  00 60 ED D4 A2 16 80 D7 | .X.......`......
0000000000000A80 | 1B 80 F7 D4 D9 0B 9F 00  2C 00 03 00 00 00 00 00 | ........,.......
0000000000000A90 | 70 64 6A 51 0B C0 EB 09  C0 5B 3D 01 58 00 06 00 | pdjQ.....[=.X...
0000000000000AA0 | 00 00 00 00 E0 D0 D4 A2  16 80 D7 12 80 A7 36 01 | ..............6.
0000000000000AB0 | 58 00 06 00 00 00 00 00  E0 F7 D4 A2 16 80 0F 17 | X...............
0000000000000AC0 | 80 A7 3E 01 58 00 06 00  00 00 00 00 E0 7F D4 A2 | ..>.X...........
0000000000000AD0 | 16 80 0F 16 80 77 D7 C5  4B 33 01 58 00 06 00 00 | .....w..K3.X....
0000000000000AE0 | 00 00 00 E0 37 6A 51 0B  C0 FB 07 E0 5D 75 D9 D2 | ....7jQ.....]u..
0000000000000AF0 | 4E 00 16 80 01 00 00 00  00 00 56 9D 5A D4 02 F0 | N.........V.Z...
0000000000000B00 | 08 A6 6F D4 F6 98 09 C0  00 00 00 00 00 00 AC 2A | ..o............*
0000000000000B10 | B5 A8 05 E0 D4 09 C0 00  00 00 00 00 00 AC 1A B5 | ................
0000000000000B20 | A8 57 37 00 BF 52 57 C7  4F 00 06 00 00 00 00 00 | .W7..RW.O.......
0000000000000B30 | 60 95 A8 45 BD 7A 01 F8  C5 DA B1 72 13 80 01 00 | `..E.z.....r....
0000000000000B40 | 00 00 00 00 58 05 6A 51  AF 4E 00 7E AE AE 5F F9 | ....X.jQ.N.~.._.
0000000000000B50 | 09 C0 00 00 00 00 00 00  24 53 8B 7A 35 02 B0 1D | ........$S.z5...
0000000000000B60 | 38 01 18 00 00 00 00 00  80 44 6A 51 67 07 60 3B | 8........DjQg.`;
0000000000000B70 | FC 04 60 00 00 00 00 00  00 92 A8 45 9D 19 80 6D | ..`........E...m
0000000000000B80 | 7D 13 80 01 00 00 00 00  00 48 A0 16 75 56 00 DE | }........H..uV..
0000000000000B90 | 59 B7 DB 06 27 00 03 00  00 00 00 00 B0 EC D4 A2 | Y...'...........
0000000000000BA0 | CE 08 C0 8F D4 5D 36 A3  09 C0 00 00 00 00 00 00 | .....]6.........
0000000000000BB0 | 2C 2B B5 A8 97 3B 00 3F  58 F7 DA 9C 26 00 03 00 | ,+...;.?X...&...
0000000000000BC0 | 00 00 00 00 B0 6C D4 A2  5E DE 00 6C 8B 99 00 0C | .....l..^..l....
0000000000000BD0 | 00 00 00 00 00 C0 B2 50  8B 7A F9 02 F0 BD F5 A0 | .......P.z......
0000000000000BE0 | 2D 78 02 30 00 00 00 00  00 00 CB 40 2D EA E5 09 | -x.0.......@-...
0000000000000BF0 | C0 77 D5 23 B6 C5 13 80  01 00 00 00 00 00 98 32 | .w.#...........2
0000000000000C00 | B5 A8 A7 1F 80 6F AF 9D  36 B1 09 C0 00 00 00 00 | .....o..6.......
0000000000000C10 | 00 00 4C 91 5A D4 D3 0E  C0 36 ED 09 C0 00 00 00 | ..L.Z....6......
0000000000000C20 | 00 00 00 4C 89 5A D4 D3  0C C0 B6 5C 13 80 01 00 | ...L.Z.....\....
0000000000000C30 | 00 00 00 00 98 02 B5 A8  A7 15 80 6D B9 27 00 03 | ...........m.'..
0000000000000C40 | 00 00 00 00 00 B0 95 D4  A2 9E 46 00 BE BE 9E B3 | ..........F.....
0000000000000C50 | 90 09 C0 00 00 00 00 00  00 6C 15 B5 A8 B7 36 00 | .........l....6.
0000000000000C60 | EF A8 17 2D 74 02 30 00  00 00 00 00 00 8B A6 16 | ...-t.0.........
0000000000000C70 | F5 D6 04 E0 AB EB 15 5B  91 09 C0 00 00 00 00 00 | .......[........
0000000000000C80 | 00 2C 8A 5A D4 8B 0F C0  B6 9A 13 80 01 00 00 00 | .,.Z............
0000000000000C90 | 00 00 98 37 B5 A8 17 17  80 B7 D7 1B B6 E2 13 80 | ...7............
0000000000000CA0 | 01 00 00 00 00 00 98 27  B5 A8 E7 1F 80 2F AB 5D | .......'...../.]
0000000000000CB0 | 66 07 4C 00 06 00 00 00  00 00 60 1E D4 A2 9E 5F | f.L.......`...._
0000000000000CC0 | 00 BE B8 76 9B 1D 76 02  30 00 00 00 00 00 00 B3 | ...v..v.0.......
0000000000000CD0 | A4 16 F5 7C 02 B0 D9 7A  26 00 03 00 00 00 00 00 | ...|...z&.......
0000000000000CE0 | 30 0B 6A 51 CF 36 00 9B  6D 66 02 30 00 00 00 00 | 0.jQ.6..mf.0....
0000000000000CF0 | 00 00 9B A1 16 F5 6C 02  B0 D9 2C 27 00 03 00 00 | ......l...,'....
0000000000000D00 | 00 00 00 B0 11 6A 51 6F  2E 00 9F 5D 7B CC E6 32 | .....jQo...]{..2
0000000000000D10 | 01 18 00 00 00 00 00 80  F5 52 8B 7A 63 01 F8 8C | .........R.zc...
0000000000000D20 | DA 6B B6 90 09 C0 00 00  00 00 00 00 AC 95 5A D4 | .k............Z.
0000000000000D30 | EB 0B C0 A7 D6 3E B3 2D  99 00 0C 00 00 00 00 00 | .....>.-........
0000000000000D40 | C0 91 A8 45 BD F6 00 6C  36 85 09 C0 00 00 00 00 | ...E...l6.......
0000000000000D50 | 00 00 1C 8A 5A D4 47 0E  C0 27 D6 D7 66 93 9A 00 | ....Z.G..'..f...
0000000000000D60 | 0C 00 00 00 00 00 C0 C1  A8 45 7D E8 00 BC AD BE | .........E}.....
0000000000000D70 | 33 9B F4 04 60 00 00 00  00 00 00 F6 A7 16 F5 7F | 3...`...........
0000000000000D80 | 03 F0 BF FA 0F B5 AB FF  58 FF EC 63 EA 4D B3 A5 | ........X..c.M..
0000000000000D90 | DA 38 B7 E3 FC 0A C0 00  00 00 00 00 00 AB 4D 2D | .8............M-
0000000000000DA0 | FA D5 B6 6D 97 F6 F1 DB  FE D2 7F 36 5B F2 8D 73 | ...m.......6[..s
0000000000000DB0 | 0C 00 00 00 00 00 C0 EA  12 80 01 00 00 00 00 00 | ................
0000000000000DC0 | 00 42 08 C0 00 00 00 00  00 00 00 21 04 60 00 00 | .B.........!.`..
0000000000000DD0 | 00 00 00 00 80 10 02 30  00 00 00 00 00 00 40 08 | .......0......@.
0000000000000DE0 | 01 18 00 00 00 00 00 00  20 84 00 0C 00 00 00 00 | ........ .......
0000000000000DF0 | 00 00 10 42 00 06 00 00  00 00 00 00 08 21 00 03 | ...B.........!..
0000000000000E00 | 00 00 00 00 00 00 84 10  80 01 00 00 00 00 00 00 | ................
0000000000000E10 | 42 08 C0 00 00 00 00 00  00 00 21 04 60 00 00 00 | B.........!.`...
0000000000000E20 | 00 00 00 80 10 02 30 00  00 00 00 00 00 40 08 01 | ......0......@..
0000000000000E30 | 18 00 00 00 00 00 00 20  84 00 0C 00 00 00 00 00 | ....... ........
0000000000000E40 | 00 10 42 00 06 00 00 00  00 00 00 08 21 00 03 00 | ..B.........!...
0000000000000E50 | 00 00 00 00 00 84 10 80  01 00 00 00 00 00 00 42 | ...............B
0000000000000E60 | 08 C0 00 00 00 00 00 00  00 21 04 60 00 00 00 00 | .........!.`....
0000000000000E70 | 00 00 80 10 02 30 00 00  00 00 00 00 40 08 01 18 | .....0......@...
0000000000000E80 | 00 00 00 00 00 00 20 84  00 0C 00 00 00 00 00 00 | ...... .........
0000000000000E90 | 10 42 00 06 00 00 00 00  00 00 08 21 00 03 00 00 | .B.........!....
0000000000000EA0 | 00 00 00 00 84 10 80 01  00 00 00 00 00 00 42 08 | ..............B.
0000000000000EB0 | C0 00 00 00 00 00 00 00  21 04 60 00 00 00 00 00 | ........!.`.....
0000000000000EC0 | 00 80 10 02 30 00 00 00  00 00 00 40 08 01 18 00 | ....0......@....
0000000000000ED0 | 00 00 00 00 00 20 84 00  0C 00 00 00 00 00 00 10 | ..... ..........
0000000000000EE0 | 42 00 06 00 00 00 00 00  00 08 21 00 03 00 00 00 | B.........!.....
0000000000000EF0 | 00 00 00 84 10 80 01 00  00 00 00 00 00 42 08 C0 | .............B..
0000000000000F00 | 00 00 00 00 00 00 00 21  04 60 00 00 00 00 00 00 | .......!.`......
0000000000000F10 | 80 10 02 30 00 00 00 00  00 00 40 08 01 18 00 00 | ...0......@.....
0000000000000F20 | 00 00 00 00 20 84 00 0C  00 00 00 00 00 00 10 42 | .... ..........B
0000000000000F30 | 00 06 00 00 00 00 00 00  08 21 00 03 00 00 00 00 | .........!......
0000000000000F40 | 00 00 84 10 80 01 00 00  00 00 00 00 42 08 C0 00 | ............B...
0000000000000F50 | 00 00 00 00 00 00 21 04  60 00 00 00 00 00 00 80 | ......!.`.......
0000000000000F60 | 10 02 30 00 00 00 00 00  00 40 08 01 18 00 00 00 | ..0......@......
0000000000000F70 | 00 00 00 20 84 00 0C 00  00 00 00 00 00 10 42 00 | ... ..........B.
0000000000000F80 | 06 00 00 00 00 00 00 08  21 00 03 00 00 00 00 00 | ........!.......
0000000000000F90 | 00 84 10 80 01 00 00 00  00 00 00 42 08 C0 00 00 | ...........B....
0000000000000FA0 | 00 00 00 00 00 21 04 60  00 00 00 00 00 00 80 10 | .....!.`........
0000000000000FB0 | 02 30 00 00 00 00 00 00  40 08 01 18 00 00 00 00 | .0......@.......
0000000000000FC0 | 00 00 20 84 00 0C 00 00  00 00 00 00 10 42 00 06 | .. ..........B..
0000000000000FD0 | 00 00 00 00 00 00 08 21  00 03 00 00 00 00 00 00 | .......!........
0000000000000FE0 | 84 10 80 01 00 00 00 00  00 00 42 08 C0 00 00 00 | ..........B.....
0000000000000FF0 | 00 00 00 00 21 04 60 00  00 00 00 00 00 80 10 02 | ....!.`.........
0000000000001000 | 30 00 00 00 00 00 00 40  08 01 18 00 00 00 00 00 | 0......@........
0000000000001010 | 00 20 84 00 0C 00 00 00  00 00 00 10 42 00 06 00 | . ..........B...
0000000000001020 | 00 00 00 00 00 08 21 00  03 00 00 00 00 00 00 84 | ......!.........
0000000000001030 | 10 80 01 00 00 00 00 00  00 42 08 C0 00 00 00 00 | .........B......
0000000000001040 | 00 00 00 21 04 60 00 00  00 00 00 00 80 10 02 30 | ...!.`.........0
0000000000001050 | 00 00 00 00 00 00 40 08  01 18 00 00 00 00 00 00 | ......@.........
0000000000001060 | 20 84 00 0C 00 00 00 00  00 00 10 42 00 06 00 00 |  ..........B....
0000000000001070 | 00 00 00 00 08 21 00 03  00 00 00 00 00 00 84 10 | .....!..........
0000000000001080 | 80 01 00 00 00 00 00 00  42 08 C0 00 00 00 00 00 | ........B.......
0000000000001090 | 00 00 21 04 60 00 00 00  00 00 00 80 10 02 30 00 | ..!.`.........0.
00000000000010A0 | 00 00 00 00 00 40 08 01  18 00 00 00 00 00 00 20 | .....@......... 
00000000000010B0 | 84 00 0C 00 00 00 00 00  00 10 42 00 06 00 00 00 | ..........B.....
00000000000010C0 | 00 00 00 08 21 00 03 00  00 00 00 00 00 84 10 80 | ....!...........
00000000000010D0 | 01 00 00 00 00 00 00 42  08 C0 00 00 00 00 00 00 | .......B........
00000000000010E0 | 00 21 04 60 00 00 00 00  00 00 80 10 02 30 00 00 | .!.`.........0..
00000000000010F0 | 00 00 00 00 40 08 01 18  00 00 00 00 00 00 20 84 | ....@......... .
0000000000001100 | 00 0C 00 00 00 00 00 00  10 42 00 06 00 00 00 00 | .........B......
0000000000001110 | 00 00 08 21 00 03 00 00  00 00 00 00 84 10 80 01 | ...!............
0000000000001120 | 00 00 00 00 00 00 42 08  C0 00 00 00 00 00 00 00 | ......B.........
0000000000001130 | 21 04 60 00 00 00 00 00  00 80 10 02 30 00 00 00 | !.`.........0...
0000000000001140 | 00 00 00 40 08 01 18 00  00 00 00 00 00 20 84 00 | ...@......... ..
0000000000001150 | 0C 00 00 00 00 00 00 10  42 00 06 00 00 00 00 00 | ........B.......
0000000000001160 | 00 08 21 00 03 00 00 00  00 00 00 84 10 80 01 00 | ..!.............
0000000000001170 | 00 00 00 00 00 42 08 C0  00 00 00 00 00 00 00 21 | .....B.........!
0000000000001180 | 04 60 00 00 00 00 00 00  80 10 02 30 00 00 00 00 | .`.........0....
0000000000001190 | 00 00 40 08 01 18 00 00  00 00 00 00 20 84 00 0C | ..@......... ...
00000000000011A0 | 00 00 00 00 00 00 10 42  00 06 00 00 00 00 00 00 | .......B........
00000000000011B0 | 08 21 00 03 00 00 00 00  00 00 84 10 80 01 00 00 | .!..............
00000000000011C0 | 00 00 00 00 42 08 C0 00  00 00 00 00 00 00 21 04 | ....B.........!.
00000000000011D0 | 60 00 00 00 00 00 00 80  10 02 30 00 00 00 00 00 | `.........0.....
00000000000011E0 | 00 40 08 01 18 00 00 00  00 00 00 20 84 00 0C 00 | .@......... ....
00000000000011F0 | 00 00 00 00 00 10 42 00  06 00 00 00 00 00 00 08 | ......B.........
0000000000001200 | 21 00 03 00 00 00 00 00  00 84 10 80 01 00 00 00 | !...............
0000000000001210 | 00 00 00 42 08 C0 00 00  00 00 00 00 00 21 04 60 | ...B.........!.`
0000000000001220 | 00 00 00 00 00 00 80 10  02 30 00 00 00 00 00 00 | .........0......
0000000000001230 | 40 08 01 18 00 00 00 00  00 00 20 84 00 0C 00 00 | @......... .....
0000000000001240 | 00 00 00 00 10 42 00 06  00 00 00 00 00 00 08 21 | .....B.........!
0000000000001250 | 00 03 00 00 00 00 00 00  84 10 80 01 00 00 00 00 | ................
0000000000001260 | 00 00 42 08 C0 00 00 00  00 00 00 00 21 04 60 00 | ..B.........!.`.
0000000000001270 | 00 00 00 00 00 80 10 02  30 00 00 00 00 00 00 40 | ........0......@
0000000000001280 | 08 01 18 00 00 00 00 00  00 20 84 00 0C 00 00 00 | ......... ......
0000000000001290 | 00 00 00 10 42 00 06 00  00 00 00 00 00 08 21 00 | ....B.........!.
00000000000012A0 | 03 00 00 00 00 00 00 84  10 80 01 00 00 00 00 00 | ................
00000000000012B0 | 00 42 08 C0 00 00 00 00  00 00 00 21 04 60 00 00 | .B.........!.`..
00000000000012C0 | 00 00 00 00 80 10 02 30  00 00 00 00 00 00 40 08 | .......0......@.
00000000000012D0 | 01 18 00 00 00 00 00 00  20 84 00 0C 00 00 00 00 | ........ .......
00000000000012E0 | 00 00 10 42 00 06 00 00  00 00 00 00 08 21 00 03 | ...B.........!..
00000000000012F0 | 00 00 00 00 00 00 84 10  80 01 00 00 00 00 00 00 | ................
0000000000001300 | 42 08 C0 00 00 00 00 00  00 00 21 04 60 00 00 00 | B.........!.`...
0000000000001310 | 00 00 00 80 10 02 30 00  00 00 00 00 00 40 08 01 | ......0......@..
0000000000001320 | 18 00 00 00 00 00 00 20  84 00 0C 00 00 00 00 00 | ....... ........
0000000000001330 | 00 10 42 00 06 00 00 00  00 00 00 08 21 00 03 00 | ..B.........!...
0000000000001340 | 00 00 00 00 00 84 10 80  01 00 00 00 00 00 00 42 | ...............B
0000000000001350 | 08 C0 00 00 00 00 00 00  00 21 04 60 00 00 00 00 | .........!.`....
0000000000001360 | 00 00 80 10 02 30 00 00  00 00 00 00 40 08 01 18 | .....0......@...
0000000000001370 | 00 00 00 00 00 00 20 84  00 0C 00 00 00 00 00 00 | ...... .........
0000000000001380 | 10 42 00 06 00 00 00 00  00 00 08 21 00 03 00 00 | .B.........!....
0000000000001390 | 00 00 00 00 84 10 80 01  00 00 00 00 00 00 42 08 | ..............B.
00000000000013A0 | C0 00 00 00 00 00 00 00  21 04 60 00 00 00 00 00 | ........!.`.....
00000000000013B0 | 00 80 10 02 30 00 00 00  00 00 00 40 08 01 18 00 | ....0......@....
00000000000013C0 | 00 00 00 00 00 20 84 00  0C 00 00 00 00 00 00 10 | ..... ..........
00000000000013D0 | 42 00 06 00 00 00 00 00  00 08 21 00 03 00 00 00 | B.........!.....
00000000000013E0 | 00 00 00 84 10 80 01 00  00 00 00 00 00 42 08 C0 | .............B..
00000000000013F0 | 00 00 00 00 00 00 00 21  04 60 00 00 00 00 00 00 | .......!.`......
0000000000001400 | 80 10 02 30 00 00 00 00  00 00 40 08 01 18 00 00 | ...0......@.....
0000000000001410 | 00 00 00 00 20 84 00 0C  00 00 00 00 00 00 10 42 | .... ..........B
0000000000001420 | 00 06 00 00 00 00 00 00  08 21 00 03 00 00 00 00 | .........!......
0000000000001430 | 00 00 84 10 80 01 00 00  00 00 00 00 42 08 C0 00 | ............B...
0000000000001440 | 00 00 00 00 00 00 21 04  60 00 00 00 00 00 00 80 | ......!.`.......
0000000000001450 | 10 02 30 00 00 00 00 00  00 40 08 01 18 00 00 00 | ..0......@......
0000000000001460 | 00 00 00 20 84 00 0C 00  00 00 00 00 00 10 42 00 | ... ..........B.
0000000000001470 | 06 00 00 00 00 00 00 08  21 00 03 00 00 00 00 00 | ........!.......
0000000000001480 | 00 84 10 80 01 00 00 00  00 00 00 42 08 C0 00 00 | ...........B....
0000000000001490 | 00 00 00 00 00 21 04 60  00 00 00 00 00 00 80 10 | .....!.`........
00000000000014A0 | 02 30 00 00 00 00 00 00  40 08 01 18 00 00 00 00 | .0......@.......
00000000000014B0 | 00 00 20 84 00 0C 00 00  00 00 00 00 10 42 00 06 | .. ..........B..
00000000000014C0 | 00 00 00 00 00 00 08 21  00 03 00 00 00 00 00 00 | .......!........
00000000000014D0 | 84 10 80 01 00 00 00 00  00 00 42 08 C0 00 00 00 | ..........B.....
00000000000014E0 | 00 00 00 00 21 04 60 00  00 00 00 00 00 80 10 02 | ....!.`.........
00000000000014F0 | 30 00 00 00 00 00 00 40  08 01 18 00 00 00 00 00 | 0......@........
0000000000001500 | 00 20 84 00 0C 00 00 00  00 00 00 10 42 00 06 00 | . ..........B...
0000000000001510 | 00 00 00 00 00 08 21 00  03 00 00 00 00 00 00 84 | ......!.........
0000000000001520 | 10 80 01 00 00 00 00 00  00 42 08 C0 00 00 00 00 | .........B......
0000000000001530 | 00 00 00 21 04 60 00 00  00 00 00 00 80 10 02 30 | ...!.`.........0
0000000000001540 | 00 00 00 00 00 00 40 08  01 18 00 00 00 00 00 00 | ......@.........
0000000000001550 | 20 84 00 0C 00 00 00 00  00 00 10 42 00 06 00 00 |  ..........B....
0000000000001560 | 00 00 00 00 08 21 00 03  00 00 00 00 00 00 84 10 | .....!..........
0000000000001570 | 80 01 00 00 00 00 00 00  42 08 C0 00 00 00 00 00 | ........B.......
0000000000001580 | 00 00 21 04 60 00 00 00  00 00 00 80 10 02 30 00 | ..!.`.........0.
0000000000001590 | 00 00 00 00 00 40 08 01  18 00 00 00 00 00 00 20 | .....@......... 
00000000000015A0 | 84 00 0C 00 00 00 00 00  00 10 42 00 06 00 00 00 | ..........B.....
00000000000015B0 | 00 00 00 08 21 00 03 00  00 00 00 00 00 84 10 80 | ....!...........
00000000000015C0 | 01 00 00 00 00 00 00 42  08 C0 00 00 00 00 00 00 | .......B........
00000000000015D0 | 00 21 04 60 00 00 00 00  00 00 80 10 02 30 00 00 | .!.`.........0..
00000000000015E0 | 00 00 00 00 40 08 01 18  00 00 00 00 00 00 20 84 | ....@......... .
00000000000015F0 | 00 0C 00 00 00 00 00 00  10 42 00 06 00 00 00 00 | .........B......
0000000000001600 | 00 00 08 21 00 03 00 00  00 00 00 00 84 10 80 01 | ...!............
0000000000001610 | 00 00 00 00 00 00 42 08  C0 00 00 00 00 00 00 00 | ......B.........
0000000000001620 | 21 04 60 00 00 00 00 00  00 80 10 02 30 00 00 00 | !.`.........0...
0000000000001630 | 00 00 00 40 08 01 18 00  00 00 00 00 00 20 84 00 | ...@......... ..
0000000000001640 | 0C 00 00 00 00 00 00 10  42 00 06 00 00 00 00 00 | ........B.......
0000000000001650 | 00 08 21 00 03 00 00 00  00 00 00 84 10 80 01 00 | ..!.............
0000000000001660 | 00 00 00 00 00 42 08 C0  00 00 00 00 00 00 00 21 | .....B.........!
0000000000001670 | 04 60 00 00 00 00 00 00  80 10 02 30 00 00 00 00 | .`.........0....
0000000000001680 | 00 00 40 08 01 18 00 00  00 00 00 00 20 84 00 0C | ..@......... ...
0000000000001690 | 00 00 00 00 00 00 10 42  00 06 00 00 00 00 00 00 | .......B........
00000000000016A0 | 08 21 00 03 00 00 00 00  00 00 84 10 80 01 00 00 | .!..............
00000000000016B0 | 00 00 00 00 42 08 C0 00  00 00 00 00 00 00 21 04 | ....B.........!.
00000000000016C0 | 60 00 00 00 00 00 00 80  10 02 30 00 00 00 00 00 | `.........0.....
00000000000016D0 | 00 40 08 01 18 00 00 00  00 00 00 20 84 00 0C 00 | .@......... ....
00000000000016E0 | 00 00 00 00 00 10 42 00  06 00 00 00 00 00 00 08 | ......B.........
00000000000016F0 | 21 00 03 00 00 00 00 00  00 84 10 80 01 00 00 00 | !...............
0000000000001700 | 00 00 00 42 08 C0 00 00  00 00 00 00 00 21 04 60 | ...B.........!.`
0000000000001710 | 00 00 00 00 00 00 80 10  02 30 00 00 00 00 00 00 | .........0......
0000000000001720 | 40 08 01 18 00 00 00 00  00 00 20 84 00 0C 00 00 | @......... .....
0000000000001730 | 00 00 00 00 10 42 00 06  00 00 00 00 00 00 08 21 | .....B.........!
0000000000001740 | 00 03 00 00 00 00 00 00  84 10 80 01 00 00 00 00 | ................
0000000000001750 | 00 00 42 08 C0 00 00 00  00 00 00 00 21 04 60 00 | ..B.........!.`.
0000000000001760 | 00 00 00 00 00 80 10 02  30 00 00 00 00 00 00 40 | ........0......@
0000000000001770 | 08 01 18 00 00 00 00 00  00 20 84 00 0C 00 00 00 | ......... ......
0000000000001780 | 00 00 00 10 42 00 06 00  00 00 00 00 00 08 21 00 | ....B.........!.
0000000000001790 | 03 00 00 00 00 00 00 84  10 80 01 00 00 00 00 00 | ................
00000000000017A0 | 00 42 08 C0 00 00 00 00  00 00 00 21 04 60 00 00 | .B.........!.`..
00000000000017B0 | 00 00 00 00 80 10 02 30  00 00 00 00 00 00 40 08 | .......0......@.
00000000000017C0 | 01 18 00 00 00 00 00 00  20 84 00 0C 00 00 00 00 | ........ .......
00000000000017D0 | 00 00 10 42 00 06 00 00  00 00 00 00 08 21 00 03 | ...B.........!..
00000000000017E0 | 00 00 00 00 00 00 84 10  80 01 00 00 00 00 00 00 | ................
00000000000017F0 | 42 08 C0 00 00 00 00 00  00 00 21 04 60 00 00 00 | B.........!.`...
0000000000001800 | 00 00 00 80 10 02 30 00  00 00 00 00 00 40 08 01 | ......0......@..
0000000000001810 | 18 00 00 00 00 00 00 20  84 00 0C 00 00 00 00 00 | ....... ........
0000000000001820 | 00 10 42 00 06 00 00 00  00 00 00 08 21 00 03 00 | ..B.........!...
0000000000001830 | 00 00 00 00 00 84 10 80  01 00 00 00 00 00 00 42 | ...............B
0000000000001840 | 08 C0 00 00 00 00 00 00  00 21 04 60 00 00 00 00 | .........!.`....
0000000000001850 | 00 00 80 10 02 30 00 00  00 00 00 00 40 08 01 18 | .....0......@...
0000000000001860 | 00 00 00 00 00 00 20 84  00 0C 00 00 00 00 00 00 | ...... .........
0000000000001870 | 10 42 00 06 00 00 00 00  00 00 08 21 00 03 00 00 | .B.........!....
0000000000001880 | 00 00 00 00 84 10 80 01  00 00 00 00 00 00 42 08 | ..............B.
0000000000001890 | C0 00 00 00 00 00 00 00  21 04 60 00 00 00 00 00 | ........!.`.....
00000000000018A0 | 00 80 10 02 30 00 00 00  00 00 00 40 08 01 18 00 | ....0......@....
00000000000018B0 | 00 00 00 00 00 20 84 00  0C 00 00 00 00 00 00 10 | ..... ..........
00000000000018C0 | 42 00 06 00 00 00 00 00  00 08 21 00 03 00 00 00 | B.........!.....
00000000000018D0 | 00 00 00 84 10 80 01 00  00 00 00 00 00 42 08 C0 | .............B..
00000000000018E0 | 00 00 00 00 00 00 00 21  04 60 00 00 00 00 00 00 | .......!.`......
00000000000018F0 | 80 10 02 30 00 00 00 00  00 00 40 08 01 18 00 00 | ...0......@.....
0000000000001900 | 00 00 00 00 20 84 00 0C  00 00 00 00 00 00 10 42 | .... ..........B
0000000000001910 | 00 06 00 00 00 00 00 00  08 21 00 03 00 00 00 00 | .........!......
0000000000001920 | 00 00 84 10 80 01 00 00  00 00 00 00 42 08 C0 00 | ............B...
0000000000001930 | 00 00 00 00 00 00 21 04  60 00 00 00 00 00 00 80 | ......!.`.......
0000000000001940 | 10 02 30 00 00 00 00 00  00 40 08 01 18 00 00 00 | ..0......@......
0000000000001950 | 00 00 00 20 84 00 0C 00  00 00 00 00 00 10 42 00 | ... ..........B.
0000000000001960 | 06 00 00 00 00 00 00 08  21 00 03 00 00 00 00 00 | ........!.......
0000000000001970 | 00 84 10 80 01 00 00 00  00 00 00 42 08 C0 00 00 | ...........B....
0000000000001980 | 00 00 00 00 00 21 04 60  00 00 00 00 00 00 80 10 | .....!.`........
0000000000001990 | 02 30 00 00 00 00 00 00  40 08 01 18 00 00 00 00 | .0......@.......
00000000000019A0 | 00 00 20 84 00 0C 00 00  00 00 00 00 10 42 00 06 | .. ..........B..
00000000000019B0 | 00 00 00 00 00 00 08 21  00 03 00 00 00 00 00 00 | .......!........
00000000000019C0 | 84 10 80 01 00 00 00 00  00 00 42 08 C0 00 00 00 | ..........B.....
00000000000019D0 | 00 00 00 00 21 04 60 00  00 00 00 00 00 80 10 02 | ....!.`.........
00000000000019E0 | 30 00 00 00 00 00 00 40  08 01 18 00 00 00 00 00 | 0......@........
00000000000019F0 | 00 20 84 00 0C 00 00 00  00 00 00 10 42 00 06 00 | . ..........B...
0000000000001A00 | 00 00 00 00 00 08 21 00  03 00 00 00 00 00 00 84 | ......!.........
0000000000001A10 | 10 80 01 00 00 00 00 00  00 42 08 C0 00 00 00 00 | .........B......
0000000000001A20 | 00 00 00 21 04 60 00 00  00 00 00 00 80 10 02 30 | ...!.`.........0
0000000000001A30 | 00 00 00 00 00 00 40 08  01 18 00 00 00 00 00 00 | ......@.........
0000000000001A40 | 20 84 00 0C 00 00 00 00  00 00 10 42 00 06 00 00 |  ..........B....
0000000000001A50 | 00 00 00 00 08 21 00 03  00 00 00 00 00 00 84 10 | .....!..........
0000000000001A60 | 80 01 00 00 00 00 00 00  42 08 C0 00 00 00 00 00 | ........B.......
0000000000001A70 | 00 00 21 04 60 00 00 00  00 00 00 80 10 02 30 00 | ..!.`.........0.
0000000000001A80 | 00 00 00 00 00 40 08 01  18 00 00 00 00 00 00 20 | .....@......... 
0000000000001A90 | 84 00 0C 00 00 00 00 00  00 10 42 00 06 00 00 00 | ..........B.....
0000000000001AA0 | 00 00 00 08 21 00 03 00  00 00 00 00 00 84 10 80 | ....!...........
0000000000001AB0 | 01 00 00 00 00 00 00 42  08 C0 00 00 00 00 00 00 | .......B........
0000000000001AC0 | 00 21 04 E0 7F B3 67 07  32 00 00 00 00 83 FC AD | .!....g.2.......
0000000000001AD0 | EF F1 95 46 00 00 00 00  00 00 00 13 02 18 00 00 | ...F............
0000000000001AE0 | 00 00 00 00 60 42 00 03  00 00 00 00 00 00 4C 08 | ....`B........L.
0000000000001AF0 | 60 00 00 00 00 00 00 80  09 01 0C 00 00 00 00 00 | `...............
0000000000001B00 | 00 30 21 80 01 00 00 00  00 00 00 26 04 30 00 00 | .0!........&.0..
0000000000001B10 | 00 00 00 00 C0 84 00 06  00 00 00 00 00 00 98 10 | ................
0000000000001B20 | C0 00 00 00 00 00 00 00  13 02 18 00 00 00 00 00 | ................
0000000000001B30 | 00 60 42 00 03 00 00 00  00 00 00 4C 08 60 00 00 | .`B........L.`..
0000000000001B40 | 00 00 00 00 80 09 01 0C  00 00 00 00 00 00 30 21 | ..............0!
0000000000001B50 | 80 01 00 00 00 00 00 00  26 04 30 00 00 00 00 00 | ........&.0.....
0000000000001B60 | 00 C0 84 00 06 00 00 00  00 00 00 98 10 C0 00 00 | ................
0000000000001B70 | 00 00 00 00 00 13 02 18  00 00 00 00 00 00 60 42 | ..............`B
0000000000001B80 | 00 03 00 00 00 00 00 00  4C 08 60 00 00 00 00 00 | ........L.`.....
0000000000001B90 | 00 80 09 01 0C 00 00 00  00 00 00 30 21 80 01 00 | ...........0!...
0000000000001BA0 | 00 00 00 00 00 26 04 30  00 00 00 00 00 00 C0 84 | .....&.0........
0000000000001BB0 | 00 06 00 00 00 00 00 00  98 10 C0 00 00 00 00 00 | ................
0000000000001BC0 | 00 00 13 02 18 00 00 00  00 00 00 60 42 00 03 00 | ...........`B...
0000000000001BD0 | 00 00 00 00 00 4C 08 60  00 00 00 00 00 00 80 09 | .....L.`........
0000000000001BE0 | 01 0C 00 00 00 00 00 00  30 21 80 01 00 00 00 00 | ........0!......
0000000000001BF0 | 00 00 26 04 30 00 00 00  00 00 00 C0 84 00 06 00 | ..&.0...........
0000000000001C00 | 00 00 00 00 00 98 10 C0  00 00 00 00 00 00 00 13 | ................
0000000000001C10 | 02 18 00 00 00 00 00 00  60 42 00 03 00 00 00 00 | ........`B......
0000000000001C20 | 00 00 4C 08 60 00 00 00  00 00 00 80 09 01 0C 00 | ..L.`...........
0000000000001C30 | 00 00 00 00 00 30 21 80  01 00 00 00 00 00 00 26 | .....0!........&
0000000000001C40 | 04 30 00 00 00 00 00 00  C0 84 00 06 00 00 00 00 | .0..............
0000000000001C50 | 00 00 98 10 C0 00 00 00  00 00 00 00 13 02 18 00 | ................
0000000000001C60 | 00 00 00 00 00 60 42 00  03 00 00 00 00 00 00 4C | .....`B........L
0000000000001C70 | 08 60 00 00 00 00 00 00  80 09 01 0C 00 00 00 00 | .`..............
0000000000001C80 | 00 00 30 21 80 01 00 00  00 00 00 00 26 04 30 00 | ..0!........&.0.
0000000000001C90 | 00 00 00 00 00 C0 84 00  06 00 00 00 00 00 00 98 | ................
0000000000001CA0 | 10 C0 00 00 00 00 00 00  00 13 02 18 00 00 00 00 | ................
0000000000001CB0 | 00 00 60 42 00 03 00 00  00 00 00 00 4C 08 60 00 | ..`B........L.`.
0000000000001CC0 | 00 00 00 00 00 80 09 01  0C 00 00 00 00 00 00 30 | ...............0
0000000000001CD0 | 21 80 01 00 00 00 00 00  00 26 04 30 00 00 00 00 | !........&.0....
0000000000001CE0 | 00 00 C0 84 00 06 00 00  00 00 00 00 98 10 C0 00 | ................
0000000000001CF0 | 00 00 00 00 00 00 13 02  18 00 00 00 00 00 00 60 | ...............`
0000000000001D00 | 42 00 03 00 00 00 00 00  00 4C 08 60 00 00 00 00 | B........L.`....
0000000000001D10 | 00 00 80 09 01 0C 00 00  00 00 00 00 30 21 80 01 | ............0!..
0000000000001D20 | 00 00 00 00 00 00 26 04  30 00 00 00 00 00 00 C0 | ......&.0.......
0000000000001D30 | 84 00 06 00 00 00 00 00  00 98 10 C0 00 00 00 00 | ................
0000000000001D40 | 00 00 00 13 02 18 00 00  00 00 00 00 60 42 00 03 | ............`B..
0000000000001D50 | 00 00 00 00 00 00 4C 08  60 00 00 00 00 00 00 80 | ......L.`.......
0000000000001D60 | 09 01 0C 00 00 00 00 00  00 30 21 80 01 00 00 00 | .........0!.....
0000000000001D70 | 00 00 00 26 04 30 00 00  00 00 00 00 C0 84 00 06 | ...&.0..........
0000000000001D80 | 00 00 00 00 00 00 98 10  C0 00 00 00 00 00 00 00 | ................
0000000000001D90 | 13 02 18 00 00 00 00 00  00 60 42 00 03 00 00 00 | .........`B.....
0000000000001DA0 | 00 00 00 4C 08 60 00 00  00 00 00 00 80 09 01 0C | ...L.`..........
0000000000001DB0 | 00 00 00 00 00 00 30 21  80 01 00 00 00 00 00 00 | ......0!........
0000000000001DC0 | 26 04 30 00 00 00 00 00  00 C0 84 00 06 00 00 00 | &.0.............
0000000000001DD0 | 00 00 00 98 10 C0 00 00  00 00 00 00 00 13 02 18 | ................
0000000000001DE0 | 00 00 00 00 00 00 60 42  00 03 00 00 00 00 00 00 | ......`B........
0000000000001DF0 | 4C 08 60 00 00 00 00 00  00 80 09 01 0C 00 00 00 | L.`.............
0000000000001E00 | 00 00 00 30 21 80 01 00  00 00 00 00 00 26 04 30 | ...0!........&.0
0000000000001E10 | 00 00 00 00 00 00 C0 84  00 06 00 00 00 00 00 00 | ................
0000000000001E20 | 98 10 C0 00 00 00 00 00  00 00 13 02 18 00 00 00 | ................
0000000000001E30 | 00 00 00 60 42 00 03 00  00 00 00 00 00 4C 08 60 | ...`B........L.`
0000000000001E40 | 00 00 00 00 00 00 80 09  01 0C 00 00 00 00 00 00 | ................
0000000000001E50 | 30 21 80 01 00 00 00 00  00 00 26 04 30 00 00 00 | 0!........&.0...
0000000000001E60 | 00 00 00 C0 84 00 06 00  00 00 00 00 00 98 10 C0 | ................
0000000000001E70 | 00 00 00 00 00 00 00 13  02 18 00 00 00 00 00 00 | ................
0000000000001E80 | 60 42 00 03 00 00 00 00  00 00 4C 08 60 00 00 00 | `B........L.`...
0000000000001E90 | 00 00 00 80 09 01 0C 00  00 00 00 00 00 30 21 80 | .............0!.
0000000000001EA0 | 01 00 00 00 00 00 00 26  04 30 00 00 00 00 00 00 | .......&.0......
0000000000001EB0 | C0 84 00 06 00 00 00 00  00 00 98 10 C0 00 00 00 | ................
0000000000001EC0 | 00 00 00 00 13 02 18 00  00 00 00 00 00 60 42 00 | .............`B.
0000000000001ED0 | 03 00 00 00 00 00 00 4C  08 60 00 00 00 00 00 00 | .......L.`......
0000000000001EE0 | 80 09 01 0C 00 00 00 00  00 00 30 21 80 01 00 00 | ..........0!....
0000000000001EF0 | 00 00 00 00 26 04 30 00  00 00 00 00 00 C0 84 00 | ....&.0.........
0000000000001F00 | 06 00 00 00 00 00 00 98  10 C0 00 00 00 00 00 00 | ................
0000000000001F10 | 00 13 02 18 00 00 00 00  00 00 60 42 00 03 00 00 | ..........`B....
0000000000001F20 | 00 00 00 00 4C 08 60 00  00 00 00 00 00 80 09 01 | ....L.`.........
0000000000001F30 | 0C 00 00 00 00 00 00 30  21 80 01 00 00 00 00 00 | .......0!.......
0000000000001F40 | 00 26 04 30 00 00 00 00  00 00 C0 84 00 06 00 00 | .&.0............
0000000000001F50 | 00 00 00 00 98 10 C0 00  00 00 00 00 00 00 13 02 | ................
0000000000001F60 | 18 00 00 00 00 00 00 60  42 00 03 00 00 00 00 00 | .......`B.......
0000000000001F70 | 00 4C 08 60 00 00 00 00  00 00 80 09 01 0C 00 00 | .L.`............
0000000000001F80 | 00 00 00 00 30 21 80 01  00 00 00 00 00 00 26 04 | ....0!........&.
0000000000001F90 | 30 00 00 00 00 00 00 C0  84 00 06 00 00 00 00 00 | 0...............
0000000000001FA0 | 00 98 10 C0 00 00 00 00  00 00 00 13 02 18 00 00 | ................
0000000000001FB0 | 00 00 00 00 60 42 00 03  00 00 00 00 00 00 4C 08 | ....`B........L.
0000000000001FC0 | 60 00 00 00 00 00 00 80  09 01 0C 00 00 00 00 00 | `...............
0000000000001FD0 | 00 30 21 80 01 00 00 00  00 00 00 26 04 30 00 00 | .0!........&.0..
0000000000001FE0 | 00 00 00 00 C0 84 00 06  00 00 00 00 00 00 98 10 | ................
0000000000001FF0 | C0 00 00 00 00 00 00 00  13 02 18 00 00 00 00 00 | ................
0000000000002000 | 00 60 42 00 03 00 00 00  00 00 00 4C 08 60 00 00 | .`B........L.`..
0000000000002010 | 00 00 00 00 80 09 01 0C  00 00 00 00 00 00 30 21 | ..............0!
0000000000002020 | 80 01 00 00 00 00 00 00  26 04 30 00 00 00 00 00 | ........&.0.....
0000000000002030 | 00 C0 84 00 06 00 00 00  00 00 00 98 10 C0 00 00 | ................
0000000000002040 | 00 00 00 00 00 13 02 18  00 00 00 00 00 00 60 42 | ..............`B
0000000000002050 | 00 03 00 00 00 00 00 00  4C 08 60 00 00 00 00 00 | ........L.`.....
0000000000002060 | 00 80 09 01 0C 00 00 00  00 00 00 30 21 80 01 00 | ...........0!...
0000000000002070 | 00 00 00 00 00 26 04 30  00 00 00 00 00 00 C0 84 | .....&.0........
0000000000002080 | 00 06 00 00 00 00 00 00  98 10 C0 00 00 00 00 00 | ................
0000000000002090 | 00 00 13 02 18 00 00 00  00 00 00 60 42 00 03 00 | ...........`B...
00000000000020A0 | 00 00 00 00 00 4C 08 60  00 00 00 00 00 00 80 09 | .....L.`........
00000000000020B0 | 01 0C 00 00 00 00 00 00  30 21 80 01 00 00 00 00 | ........0!......
00000000000020C0 | 00 00 26 04 30 00 00 00  00 00 00 C0 84 00 06 00 | ..&.0...........
00000000000020D0 | 2B 95 47 8C 00 00 0F 37  49 44 41 54 00 00 00 00 | +.G....7IDAT....
00000000000020E0 | 00 98 10 C0 00 00 00 00  00 00 00 13 02 18 00 00 | ................
00000000000020F0 | 00 00 00 00 60 42 00 03  00 00 00 00 00 00 4C 08 | ....`B........L.
0000000000002100 | 60 00 00 00 00 00 00 80  09 01 0C 00 00 00 00 00 | `...............
0000000000002110 | 00 30 21 80 01 00 00 00  00 00 00 26 04 30 00 00 | .0!........&.0..
0000000000002120 | 00 00 00 00 C0 84 00 06  00 00 00 00 00 00 98 10 | ................
0000000000002130 | C0 00 00 00 00 00 00 00  13 02 18 00 00 00 00 00 | ................
0000000000002140 | 00 60 42 00 03 00 00 00  00 00 00 4C 08 60 00 00 | .`B........L.`..
0000000000002150 | 00 00 00 00 80 09 01 0C  00 00 00 00 00 00 30 21 | ..............0!
0000000000002160 | 80 01 00 00 00 00 00 00  26 04 30 00 00 00 00 00 | ........&.0.....
0000000000002170 | 00 C0 84 00 06 00 00 00  00 00 00 98 10 C0 00 00 | ................
0000000000002180 | 00 00 00 00 00 13 02 18  00 00 00 00 00 00 60 42 | ..............`B
0000000000002190 | 00 03 00 00 00 00 00 00  4C 08 60 00 00 00 00 00 | ........L.`.....
00000000000021A0 | 00 80 09 01 0C 00 00 00  00 00 00 30 21 80 01 00 | ...........0!...
00000000000021B0 | 00 00 00 00 00 26 04 30  00 00 00 00 00 00 C0 84 | .....&.0........
00000000000021C0 | 00 06 00 00 00 00 00 00  98 10 C0 00 00 00 00 00 | ................
00000000000021D0 | 00 00 13 02 18 00 00 00  00 00 00 60 42 00 03 00 | ...........`B...
00000000000021E0 | 00 00 00 00 00 4C 08 60  00 00 00 00 00 00 80 09 | .....L.`........
00000000000021F0 | 01 0C 00 00 00 00 00 00  30 21 80 01 00 00 00 00 | ........0!......
0000000000002200 | 00 00 26 04 30 00 00 00  00 00 00 C0 84 00 06 00 | ..&.0...........
0000000000002210 | 00 00 00 00 00 98 10 C0  00 00 00 00 00 00 00 13 | ................
0000000000002220 | 02 18 00 00 00 00 00 00  60 42 00 03 00 00 00 00 | ........`B......
0000000000002230 | 00 00 4C 08 60 00 00 00  00 00 00 80 09 01 0C 00 | ..L.`...........
0000000000002240 | 00 00 00 00 00 30 21 80  01 00 00 00 00 00 00 26 | .....0!........&
0000000000002250 | 04 30 00 00 00 00 00 00  C0 84 00 06 00 00 00 00 | .0..............
0000000000002260 | 00 00 98 10 C0 00 00 00  00 00 00 00 13 02 18 00 | ................
0000000000002270 | 00 00 00 00 00 60 42 00  03 00 00 00 00 00 00 4C | .....`B........L
0000000000002280 | 08 60 00 00 00 00 00 00  80 09 01 0C 00 00 00 00 | .`..............
0000000000002290 | 00 00 30 21 80 01 00 00  00 00 00 00 26 04 30 00 | ..0!........&.0.
00000000000022A0 | 00 00 00 00 00 C0 84 00  06 00 00 00 00 00 00 98 | ................
00000000000022B0 | 10 C0 00 00 00 00 00 00  00 13 02 18 00 00 00 00 | ................
00000000000022C0 | 00 00 60 42 00 03 00 00  00 00 00 00 4C 08 60 00 | ..`B........L.`.
00000000000022D0 | 00 00 00 00 00 80 09 01  0C 00 00 00 00 00 00 30 | ...............0
00000000000022E0 | 21 80 01 00 00 00 00 00  00 26 04 30 00 00 00 00 | !........&.0....
00000000000022F0 | 00 00 C0 84 00 06 00 00  00 00 00 00 98 10 C0 00 | ................
0000000000002300 | 00 00 00 00 00 00 13 02  18 00 00 00 00 00 00 60 | ...............`
0000000000002310 | 42 00 03 00 00 00 00 00  00 4C 08 60 00 00 00 00 | B........L.`....
0000000000002320 | 00 00 80 09 01 0C 00 00  00 00 00 00 30 21 80 01 | ............0!..
0000000000002330 | 00 00 00 00 00 00 26 04  30 00 00 00 00 00 00 C0 | ......&.0.......
0000000000002340 | 84 00 06 00 00 00 00 00  00 98 10 C0 00 00 00 00 | ................
0000000000002350 | 00 00 00 13 02 18 00 00  00 00 00 00 60 42 00 03 | ............`B..
0000000000002360 | 00 00 00 00 00 00 4C 08  60 00 00 00 00 00 00 80 | ......L.`.......
0000000000002370 | 09 01 0C 00 00 00 00 00  00 30 21 80 01 00 00 00 | .........0!.....
0000000000002380 | 00 00 00 26 04 30 00 00  00 00 00 00 C0 84 00 06 | ...&.0..........
0000000000002390 | 00 00 00 00 00 00 98 10  C0 00 00 00 00 00 00 00 | ................
00000000000023A0 | 13 02 18 00 00 00 00 00  00 60 42 00 03 00 00 00 | .........`B.....
00000000000023B0 | 00 00 00 4C 08 60 00 00  00 00 00 00 80 09 01 0C | ...L.`..........
00000000000023C0 | 00 00 00 00 00 00 30 21  80 01 00 00 00 00 00 00 | ......0!........
00000000000023D0 | 26 04 30 00 00 00 00 00  00 C0 84 00 06 00 00 00 | &.0.............
00000000000023E0 | 00 00 00 98 10 C0 00 00  00 00 00 00 00 13 02 18 | ................
00000000000023F0 | 00 00 00 00 00 00 60 42  00 03 00 00 00 00 00 00 | ......`B........
0000000000002400 | 4C 08 60 00 00 00 00 00  00 80 09 01 0C 00 00 00 | L.`.............
0000000000002410 | 00 00 00 30 21 80 01 00  00 00 00 00 00 26 04 30 | ...0!........&.0
0000000000002420 | 00 00 00 00 00 00 C0 84  00 06 00 00 00 00 00 00 | ................
0000000000002430 | 98 10 C0 00 00 00 00 00  00 00 13 02 18 00 00 00 | ................
0000000000002440 | 00 00 00 60 42 00 03 00  00 00 00 00 00 4C 08 60 | ...`B........L.`
0000000000002450 | 00 00 00 00 00 00 80 09  01 0C 00 00 00 00 00 00 | ................
0000000000002460 | 30 21 80 01 00 00 00 00  00 00 26 04 30 00 00 00 | 0!........&.0...
0000000000002470 | 00 00 00 C0 84 00 06 00  00 00 00 00 00 98 10 C0 | ................
0000000000002480 | 00 00 00 00 00 00 00 13  02 18 00 00 00 00 00 00 | ................
0000000000002490 | 60 42 00 03 00 00 00 00  00 00 4C 08 60 00 00 00 | `B........L.`...
00000000000024A0 | 00 00 00 80 09 01 0C 00  00 00 00 00 00 30 21 80 | .............0!.
00000000000024B0 | 01 00 00 00 00 00 00 26  04 30 00 00 00 00 00 00 | .......&.0......
00000000000024C0 | C0 84 00 06 00 00 00 00  00 00 98 10 C0 00 00 00 | ................
00000000000024D0 | 00 00 00 00 13 02 18 00  00 00 00 00 00 60 42 00 | .............`B.
00000000000024E0 | 03 00 00 00 00 00 00 4C  08 60 00 00 00 00 00 00 | .......L.`......
00000000000024F0 | 80 09 01 0C 00 00 00 00  00 00 30 21 80 01 00 00 | ..........0!....
0000000000002500 | 00 00 00 00 26 04 30 00  00 00 00 00 00 C0 84 00 | ....&.0.........
0000000000002510 | 06 00 00 00 00 00 00 98  10 C0 00 00 00 00 00 00 | ................
0000000000002520 | 00 13 02 18 00 00 00 00  00 00 60 42 00 03 00 00 | ..........`B....
0000000000002530 | 00 00 00 00 4C 08 60 00  00 00 00 00 00 80 09 01 | ....L.`.........
0000000000002540 | 0C 00 00 00 00 00 00 30  21 80 01 00 00 00 00 00 | .......0!.......
0000000000002550 | 00 26 04 30 00 00 00 00  00 00 C0 84 00 06 00 00 | .&.0............
0000000000002560 | 00 00 00 00 98 10 C0 00  00 00 00 00 00 00 13 02 | ................
0000000000002570 | 18 00 00 00 00 00 00 60  42 00 03 00 00 00 00 00 | .......`B.......
0000000000002580 | 00 4C 08 60 00 00 00 00  00 00 80 09 01 0C 00 00 | .L.`............
0000000000002590 | 00 00 00 00 30 21 80 01  00 00 00 00 00 00 26 04 | ....0!........&.
00000000000025A0 | 30 00 00 00 00 00 00 C0  84 00 06 00 00 00 00 00 | 0...............
00000000000025B0 | 00 98 10 C0 00 00 00 00  00 00 00 13 02 18 00 00 | ................
00000000000025C0 | 00 00 00 00 60 42 00 03  00 00 00 00 00 00 4C 08 | ....`B........L.
00000000000025D0 | 60 00 00 00 00 00 00 80  09 01 0C 00 00 00 00 00 | `...............
00000000000025E0 | 00 30 21 80 01 00 00 00  00 00 00 26 04 30 00 00 | .0!........&.0..
00000000000025F0 | 00 00 00 00 C0 84 00 06  00 00 00 00 00 00 98 10 | ................
0000000000002600 | C0 00 00 00 00 00 00 00  13 02 18 00 00 00 00 00 | ................
0000000000002610 | 00 60 42 00 03 00 00 00  00 00 00 4C 08 60 00 00 | .`B........L.`..
0000000000002620 | 00 00 00 00 80 09 01 0C  00 00 00 00 00 00 30 21 | ..............0!
0000000000002630 | 80 01 00 00 00 00 00 00  26 04 30 00 00 00 00 00 | ........&.0.....
0000000000002640 | 00 C0 84 00 06 00 00 00  00 00 00 98 10 C0 00 00 | ................
0000000000002650 | 00 00 00 00 00 13 02 18  00 00 00 00 00 00 60 42 | ..............`B
0000000000002660 | 00 03 00 00 00 00 00 00  4C 08 60 00 00 00 00 00 | ........L.`.....
0000000000002670 | 00 80 09 01 0C 00 00 00  00 00 00 30 21 80 01 00 | ...........0!...
0000000000002680 | 00 00 00 00 00 26 04 30  00 00 00 00 00 00 C0 84 | .....&.0........
0000000000002690 | 00 06 00 00 00 00 00 00  98 10 C0 00 00 00 00 00 | ................
00000000000026A0 | 00 00 13 02 18 00 00 00  00 00 00 60 42 00 03 00 | ...........`B...
00000000000026B0 | 00 00 00 00 00 4C 08 60  00 00 00 00 00 00 80 09 | .....L.`........
00000000000026C0 | 01 0C 00 00 00 00 00 00  30 21 80 01 00 00 00 00 | ........0!......
00000000000026D0 | 00 00 26 04 30 00 00 00  00 00 00 C0 84 00 06 00 | ..&.0...........
00000000000026E0 | 00 00 00 00 00 98 10 C0  00 00 00 00 00 00 00 13 | ................
00000000000026F0 | 02 18 00 00 00 00 00 00  60 42 00 03 00 00 00 00 | ........`B......
0000000000002700 | 00 00 4C 08 60 00 00 00  00 00 00 80 09 01 0C 00 | ..L.`...........
0000000000002710 | 00 00 00 00 00 30 21 80  01 00 00 00 00 00 00 26 | .....0!........&
0000000000002720 | 04 30 00 00 00 00 00 00  C0 84 00 06 00 00 00 00 | .0..............
0000000000002730 | 00 00 98 10 C0 00 00 00  00 00 00 00 13 02 18 00 | ................
0000000000002740 | 00 00 00 00 00 60 42 00  03 00 00 00 00 00 00 4C | .....`B........L
0000000000002750 | 08 60 00 00 00 00 00 00  80 09 01 0C 00 00 00 00 | .`..............
0000000000002760 | 00 00 30 21 80 01 00 00  00 00 00 00 26 04 30 00 | ..0!........&.0.
0000000000002770 | 00 00 00 00 00 C0 84 00  06 00 00 00 00 00 00 98 | ................
0000000000002780 | 10 C0 00 00 00 00 00 00  00 13 02 18 00 00 00 00 | ................
0000000000002790 | 00 00 60 42 00 03 00 00  00 00 00 00 4C 08 60 00 | ..`B........L.`.
00000000000027A0 | 00 00 00 00 00 80 09 01  0C 00 00 00 00 00 00 30 | ...............0
00000000000027B0 | 21 80 01 00 00 00 00 00  00 26 04 30 00 00 00 00 | !........&.0....
00000000000027C0 | 00 00 C0 84 00 06 00 00  00 00 00 00 98 10 C0 00 | ................
00000000000027D0 | 00 00 00 00 00 00 13 02  18 00 00 00 00 00 00 60 | ...............`
00000000000027E0 | 42 00 03 00 00 00 00 00  00 4C 08 60 00 00 00 00 | B........L.`....
00000000000027F0 | 00 00 80 09 01 0C 00 00  00 00 00 00 30 21 80 01 | ............0!..
0000000000002800 | 00 00 00 00 00 00 26 04  30 00 00 00 00 00 00 C0 | ......&.0.......
0000000000002810 | 84 00 06 00 00 00 00 00  00 98 10 C0 00 00 00 00 | ................
0000000000002820 | 00 00 00 13 02 18 00 00  00 00 00 00 60 42 00 03 | ............`B..
0000000000002830 | 00 00 00 00 00 00 4C 08  60 00 00 00 00 00 00 80 | ......L.`.......
0000000000002840 | 09 01 0C 00 00 00 00 00  00 30 21 80 01 00 00 00 | .........0!.....
0000000000002850 | 00 00 00 26 04 30 00 00  00 00 00 00 C0 84 00 06 | ...&.0..........
0000000000002860 | 00 00 00 00 00 00 98 10  C0 00 00 00 00 00 00 00 | ................
0000000000002870 | 13 02 18 00 00 00 00 00  00 60 42 00 03 00 00 00 | .........`B.....
0000000000002880 | 00 00 00 4C 08 60 00 00  00 00 00 00 80 09 01 0C | ...L.`..........
0000000000002890 | 00 00 00 00 00 00 30 21  80 01 00 00 00 00 00 00 | ......0!........
00000000000028A0 | 26 04 30 00 00 00 00 00  00 C0 84 00 06 00 00 00 | &.0.............
00000000000028B0 | 00 00 00 98 10 C0 00 00  00 00 00 00 00 13 02 18 | ................
00000000000028C0 | 00 00 00 00 00 00 60 42  00 03 00 00 00 00 00 00 | ......`B........
00000000000028D0 | 4C 08 60 00 00 00 00 00  00 80 09 01 0C 00 00 00 | L.`.............
00000000000028E0 | 00 00 00 30 21 80 01 00  00 00 00 00 00 26 04 30 | ...0!........&.0
00000000000028F0 | 00 00 00 00 00 00 C0 84  00 06 00 00 00 00 00 00 | ................
0000000000002900 | 98 10 C0 00 00 00 00 00  00 00 13 02 18 00 00 00 | ................
0000000000002910 | 00 00 00 60 42 00 03 00  00 00 00 00 00 4C 08 60 | ...`B........L.`
0000000000002920 | 00 00 00 00 00 00 80 09  01 0C 00 00 00 00 00 00 | ................
0000000000002930 | 30 21 80 01 00 00 00 00  00 00 26 04 30 00 00 00 | 0!........&.0...
0000000000002940 | 00 00 00 C0 84 00 06 00  00 00 00 00 00 98 10 C0 | ................
0000000000002950 | 00 00 00 00 00 00 00 13  02 18 00 00 00 00 00 00 | ................
0000000000002960 | 60 42 00 03 00 00 00 00  00 00 4C 08 60 00 00 00 | `B........L.`...
0000000000002970 | 00 00 00 80 09 01 0C 00  00 00 00 00 00 30 21 80 | .............0!.
0000000000002980 | 01 00 00 00 00 00 00 26  04 30 00 00 00 00 00 00 | .......&.0......
0000000000002990 | C0 84 00 06 00 00 00 00  00 00 98 10 C0 00 00 00 | ................
00000000000029A0 | 00 00 00 00 13 02 18 00  00 00 00 00 00 60 42 00 | .............`B.
00000000000029B0 | 03 00 00 00 00 00 00 4C  08 60 00 00 00 00 00 00 | .......L.`......
00000000000029C0 | 80 09 01 0C 00 00 00 00  00 00 30 21 80 01 00 00 | ..........0!....
00000000000029D0 | 00 00 00 00 26 04 30 00  00 00 00 00 00 C0 84 00 | ....&.0.........
00000000000029E0 | 06 00 00 00 00 00 00 98  10 C0 00 00 00 00 00 00 | ................
00000000000029F0 | 00 13 02 18 00 00 00 00  00 00 60 42 00 03 00 00 | ..........`B....
0000000000002A00 | 00 00 00 00 4C 08 60 00  00 00 00 00 00 80 09 01 | ....L.`.........
0000000000002A10 | 0C 00 00 00 00 00 00 30  21 80 01 00 00 00 00 00 | .......0!.......
0000000000002A20 | 00 26 04 30 00 00 00 00  00 00 C0 84 00 06 00 00 | .&.0............
0000000000002A30 | 00 00 00 00 98 10 C0 00  00 00 00 00 00 00 13 02 | ................
0000000000002A40 | 18 00 00 00 00 00 00 60  42 00 03 00 00 00 00 00 | .......`B.......
0000000000002A50 | 00 4C 08 60 00 00 00 00  00 00 80 09 01 0C 00 00 | .L.`............
0000000000002A60 | 00 00 00 00 30 21 80 01  00 00 00 00 00 00 26 04 | ....0!........&.
0000000000002A70 | 30 00 00 00 00 00 00 C0  84 00 06 00 00 00 00 00 | 0...............
0000000000002A80 | 00 98 10 C0 00 00 00 00  00 00 00 13 02 18 00 00 | ................
0000000000002A90 | 00 00 00 00 60 42 00 03  00 00 00 00 00 00 4C 08 | ....`B........L.
0000000000002AA0 | 60 00 00 00 00 00 00 80  09 01 0C 00 00 00 00 00 | `...............
0000000000002AB0 | 00 30 21 80 01 00 00 00  00 00 00 26 04 30 00 00 | .0!........&.0..
0000000000002AC0 | 00 00 00 00 C0 84 00 06  00 00 00 00 00 00 98 10 | ................
0000000000002AD0 | C0 00 00 00 00 00 00 00  13 02 18 00 00 00 00 00 | ................
0000000000002AE0 | 00 60 42 00 03 00 00 00  00 00 00 4C 08 60 00 00 | .`B........L.`..
0000000000002AF0 | 00 00 00 00 80 09 01 0C  00 00 00 00 00 00 30 21 | ..............0!
0000000000002B00 | 80 01 00 00 00 00 00 00  26 04 30 00 00 00 00 00 | ........&.0.....
0000000000002B10 | 00 C0 84 00 06 00 00 00  00 00 00 98 10 C0 00 00 | ................
0000000000002B20 | 00 00 00 00 00 13 02 18  00 00 00 00 00 00 60 42 | ..............`B
0000000000002B30 | 00 03 00 00 00 00 00 00  4C 08 60 00 00 00 00 00 | ........L.`.....
0000000000002B40 | 00 80 09 01 0C 00 00 00  00 00 00 30 21 80 01 00 | ...........0!...
0000000000002B50 | 00 00 00 00 00 26 04 30  00 00 00 00 00 00 C0 84 | .....&.0........
0000000000002B60 | 00 06 00 00 00 00 00 00  98 10 C0 00 00 00 00 00 | ................
0000000000002B70 | 00 00 13 02 18 00 00 00  00 00 00 60 42 00 03 00 | ...........`B...
0000000000002B80 | 00 00 00 00 00 4C 08 60  00 00 00 00 00 00 80 09 | .....L.`........
0000000000002B90 | 01 0C 00 00 00 00 00 00  30 21 80 01 00 00 00 00 | ........0!......
0000000000002BA0 | 00 00 26 04 30 00 00 00  00 00 00 C0 84 00 06 00 | ..&.0...........
0000000000002BB0 | 00 00 00 00 00 98 10 C0  00 00 00 00 00 00 00 13 | ................
0000000000002BC0 | 02 18 00 00 00 00 00 00  60 42 00 03 00 00 00 00 | ........`B......
0000000000002BD0 | 00 00 4C 08 60 00 00 00  00 00 00 80 09 01 0C 00 | ..L.`...........
0000000000002BE0 | 00 00 00 00 00 30 21 80  01 00 00 00 00 00 00 26 | .....0!........&
0000000000002BF0 | 04 30 00 00 00 00 00 00  C0 84 00 06 00 00 00 00 | .0..............
0000000000002C00 | 00 00 98 10 C0 00 00 00  00 00 00 00 13 02 18 00 | ................
0000000000002C10 | 00 00 00 00 00 60 42 00  03 00 00 00 00 00 00 4C | .....`B........L
0000000000002C20 | 08 60 00 00 00 00 00 00  80 09 01 0C 00 00 00 00 | .`..............
0000000000002C30 | 00 00 30 21 80 01 00 00  00 00 00 00 26 04 30 00 | ..0!........&.0.
0000000000002C40 | 00 00 00 00 00 C0 84 00  06 00 00 00 00 00 00 98 | ................
0000000000002C50 | 10 C0 00 00 00 00 00 00  00 13 02 18 00 00 00 00 | ................
0000000000002C60 | 00 00 60 42 00 03 00 00  00 00 00 00 4C 08 60 00 | ..`B........L.`.
0000000000002C70 | 00 00 00 00 00 80 09 01  0C 00 00 00 00 00 00 30 | ...............0
0000000000002C80 | 21 80 01 00 00 00 00 00  00 26 04 30 00 00 00 00 | !........&.0....
0000000000002C90 | 00 00 C0 84 00 06 00 00  00 00 00 00 98 10 C0 00 | ................
0000000000002CA0 | 00 00 00 00 00 00 13 02  18 00 00 00 00 00 00 60 | ...............`
0000000000002CB0 | 42 00 03 00 00 00 00 00  00 4C 08 60 00 00 00 00 | B........L.`....
0000000000002CC0 | 00 00 80 09 01 0C 00 00  00 00 00 00 30 21 80 01 | ............0!..
0000000000002CD0 | 00 00 00 00 00 00 26 04  30 00 00 00 00 00 00 C0 | ......&.0.......
0000000000002CE0 | 84 00 06 00 00 00 00 00  00 98 10 C0 00 00 00 00 | ................
0000000000002CF0 | 00 00 00 13 02 18 00 00  00 00 00 00 60 42 00 03 | ............`B..
0000000000002D00 | 00 00 00 00 00 00 4C 08  60 00 00 00 00 00 00 80 | ......L.`.......
0000000000002D10 | 09 01 0C 00 00 00 00 00  00 30 21 80 01 00 00 00 | .........0!.....
0000000000002D20 | 00 00 00 26 04 30 00 00  00 00 00 00 C0 84 00 06 | ...&.0..........
0000000000002D30 | 00 00 00 00 00 00 98 10  C0 00 00 00 00 00 00 00 | ................
0000000000002D40 | 13 02 18 00 00 00 00 00  00 60 42 00 03 00 00 00 | .........`B.....
0000000000002D50 | 00 00 00 4C 08 60 00 00  00 00 00 00 80 09 01 0C | ...L.`..........
0000000000002D60 | 00 00 00 00 00 00 30 21  80 01 00 00 00 00 00 00 | ......0!........
0000000000002D70 | 26 04 30 00 00 00 00 00  00 C0 84 00 06 00 00 00 | &.0.............
0000000000002D80 | 00 00 00 98 10 C0 00 00  00 00 00 00 00 13 02 18 | ................
0000000000002D90 | 00 00 00 00 00 00 60 42  00 03 00 00 00 00 00 00 | ......`B........
0000000000002DA0 | 4C 08 60 00 00 00 00 00  00 80 09 01 0C 00 00 00 | L.`.............
0000000000002DB0 | 00 00 00 30 21 80 01 00  00 00 00 00 00 26 04 30 | ...0!........&.0
0000000000002DC0 | 00 00 00 00 00 00 C0 84  00 06 00 00 00 00 00 00 | ................
0000000000002DD0 | 98 10 C0 00 00 00 00 00  00 00 13 02 18 00 00 00 | ................
0000000000002DE0 | 00 00 00 60 42 00 03 00  00 00 00 00 00 4C 08 60 | ...`B........L.`
0000000000002DF0 | 00 00 00 00 00 00 80 09  01 0C 00 00 00 00 00 00 | ................
0000000000002E00 | 30 21 80 01 00 00 00 00  00 00 26 04 30 00 00 00 | 0!........&.0...
0000000000002E10 | 00 00 00 C0 84 00 06 00  00 00 00 00 00 98 10 C0 | ................
0000000000002E20 | 00 00 00 00 00 00 00 13  02 18 00 00 00 00 00 00 | ................
0000000000002E30 | 60 42 00 03 00 00 00 00  00 00 4C 08 60 00 00 00 | `B........L.`...
0000000000002E40 | 00 00 00 80 09 01 0C 00  00 00 00 00 00 30 21 80 | .............0!.
0000000000002E50 | 01 00 00 00 00 00 00 26  04 30 00 00 00 00 00 00 | .......&.0......
0000000000002E60 | C0 84 00 06 00 00 00 00  00 00 98 10 C0 00 00 00 | ................
0000000000002E70 | 00 00 00 00 13 02 18 00  00 00 00 00 00 60 42 00 | .............`B.
0000000000002E80 | 03 00 00 00 00 00 00 4C  08 60 00 00 00 00 00 00 | .......L.`......
0000000000002E90 | 80 09 01 0C 00 00 00 00  00 00 30 21 80 01 00 00 | ..........0!....
0000000000002EA0 | 00 00 00 00 26 04 30 00  00 00 00 00 00 C0 84 00 | ....&.0.........
0000000000002EB0 | 06 00 00 00 00 00 00 98  10 C0 00 00 00 00 00 00 | ................
0000000000002EC0 | 00 13 02 18 00 00 00 00  00 00 60 42 00 03 00 00 | ..........`B....
0000000000002ED0 | 00 00 00 00 4C 08 60 00  00 00 00 00 00 80 09 01 | ....L.`.........
0000000000002EE0 | 0C 00 00 00 00 00 00 30  21 80 01 00 00 00 00 00 | .......0!.......
0000000000002EF0 | 00 26 04 30 00 00 00 00  00 00 C0 84 00 06 00 00 | .&.0............
0000000000002F00 | 00 00 00 00 98 10 C0 00  00 00 00 00 00 00 13 02 | ................
0000000000002F10 | 18 00 00 00 00 00 00 60  42 00 03 00 00 00 00 00 | .......`B.......
0000000000002F20 | 00 4C 08 60 00 00 00 00  00 00 80 09 01 0C 00 00 | .L.`............
0000000000002F30 | 00 00 00 00 30 21 80 01  00 00 00 00 00 00 26 04 | ....0!........&.
0000000000002F40 | 30 00 00 00 00 00 00 C0  84 00 06 00 00 00 00 00 | 0...............
0000000000002F50 | 00 98 10 C0 00 00 00 00  00 00 00 13 02 18 00 00 | ................
0000000000002F60 | 00 00 00 00 60 42 00 03  B5 67 07 32 00 00 00 00 | ....`B...g.2....
0000000000002F70 | 83 FC AD EF F1 95 46 00  00 00 00 00 00 4C 08 60 | ......F......L.`
0000000000002F80 | 00 00 00 00 00 00 80 09  01 0C 00 00 00 00 00 00 | ................
0000000000002F90 | 30 21 80 01 00 00 00 00  00 00 26 04 30 00 00 00 | 0!........&.0...
0000000000002FA0 | 00 00 00 C0 84 00 06 00  00 00 00 00 00 98 10 C0 | ................
0000000000002FB0 | 00 00 00 00 00 00 00 13  02 18 00 00 00 00 00 00 | ................
0000000000002FC0 | 60 42 00 03 00 00 00 00  00 00 4C 08 60 00 00 00 | `B........L.`...
0000000000002FD0 | 00 00 00 80 09 01 0C 00  00 00 00 00 00 30 21 80 | .............0!.
0000000000002FE0 | 01 00 00 00 00 00 00 26  04 30 00 00 00 00 00 00 | .......&.0......
0000000000002FF0 | C0 84 00 06 00 00 00 00  00 00 98 10 C0 00 00 00 | ................
0000000000003000 | 00 00 00 00 13 02 18 00  00 00 00 00 00 60 22 0B | .............`".
0000000000003010 | 6B 66 33 FC 81 6D 2B 00  00 00 00 49 45 4E 44 AE | kf3..m+....IEND.
0000000000003020 | 42 60 82 00 00 03 05 49  50 4E 47 89 50 4E 47 0D | B`.....IPNG.PNG.
0000000000003030 | 0A 1A 0A 00 00 00 0D 49  48 44 52 00 00 00 40 00 | .......IHDR...@.
0000000000003040 | 00 00 40 08 06 00 00 00  AA 69 71 DE 00 00 00 09 | ..@......iq.....
0000000000003050 | 70 48 59 73 00 00 0B 12  00 00 0B 12 01 D2 DD 7E | pHYs...........~
0000000000003060 | FC 00 00 00 13 74 45 58  74 6F 62 6A 65 63 74 20 | .....tEXtobject 
0000000000003070 | 74 79 70 65 00 74 65 78  74 75 72 65 68 09 4E 6A | type.textureh.Nj
0000000000003080 | 00 00 00 16 77 61 44 41  69 6D 61 67 65 20 70 6F | ....waDAimage po
0000000000003090 | 73 69 74 69 6F 6E 31 20  78 00 00 00 00 00 87 13 | sition1 x.......
00000000000030A0 | 4E 65 00 00 00 16 77 61  44 41 69 6D 61 67 65 20 | Ne....waDAimage 
00000000000030B0 | 70 6F 73 69 74 69 6F 6E  31 20 79 00 00 00 00 00 | position1 y.....
00000000000030C0 | 4C 4F 9D C0 00 00 00 16  77 61 44 41 69 6D 61 67 | LO......waDAimag
00000000000030D0 | 65 20 70 6F 73 69 74 69  6F 6E 32 20 78 00 00 00 | e position2 x...
00000000000030E0 | 00 3F BF FA 64 BB 00 00  00 16 77 61 44 41 69 6D | .?..d.....waDAim
00000000000030F0 | 61 67 65 20 70 6F 73 69  74 69 6F 6E 32 20 79 00 | age position2 y.
0000000000003100 | 00 00 00 00 C2 C0 9A 23  00 00 00 16 77 61 44 41 | .......#....waDA
0000000000003110 | 69 6D 61 67 65 20 70 6F  73 69 74 69 6F 6E 33 20 | image position3 
0000000000003120 | 78 00 00 00 00 3F 73 50  64 25 00 00 00 16 77 61 | x....?sPd%....wa
0000000000003130 | 44 41 69 6D 61 67 65 20  70 6F 73 69 74 69 6F 6E | DAimage position
0000000000003140 | 33 20 79 00 00 00 00 3F  B8 0C B7 80 00 00 00 16 | 3 y....?........
0000000000003150 | 77 61 44 41 69 6D 61 67  65 20 70 6F 73 69 74 69 | waDAimage positi
0000000000003160 | 6F 6E 34 20 78 00 00 00  00 00 CF F3 40 01 00 00 | on4 x.......@...
0000000000003170 | 00 16 77 61 44 41 69 6D  61 67 65 20 70 6F 73 69 | ..waDAimage posi
0000000000003180 | 74 69 6F 6E 34 20 79 00  00 00 00 3F B2 C9 BE 99 | tion4 y....?....
0000000000003190 | 00 00 00 10 77 61 44 41  69 6D 61 67 65 20 61 6C | ....waDAimage al
00000000000031A0 | 70 68 61 00 00 00 00 FF  86 1C 5A 2D 00 00 00 11 | pha.......Z-....
00000000000031B0 | 77 61 44 41 69 6D 61 67  65 20 68 69 64 64 65 6E | waDAimage hidden
00000000000031C0 | 00 00 00 00 00 F9 29 EB  1A 00 00 00 19 77 61 44 | ......)......waD
00000000000031D0 | 41 74 65 78 74 75 72 65  20 6F 62 6A 65 63 74 20 | Atexture object 
00000000000031E0 | 74 79 70 65 00 63 6F 6C  6F 72 A6 92 70 71 00 00 | type.color..pq..
00000000000031F0 | 00 13 77 61 44 41 74 65  78 74 75 72 65 20 63 6F | ..waDAtexture co
0000000000003200 | 6C 6F 72 31 00 00 FF FF  FF 21 40 AE C1 00 00 00 | lor1.....!@.....
0000000000003210 | 13 77 61 44 41 74 65 78  74 75 72 65 20 63 6F 6C | .waDAtexture col
0000000000003220 | 6F 72 32 00 00 00 00 00  A7 6A FA 7D 00 00 00 12 | or2......j.}....
0000000000003230 | 77 61 44 41 74 65 78 74  75 72 65 20 61 6E 67 6C | waDAtexture angl
0000000000003240 | 65 00 00 00 00 00 B8 88  77 B2 00 00 00 12 77 61 | e.......w.....wa
0000000000003250 | 44 41 74 65 78 74 75 72  65 20 6C 65 76 65 6C 00 | DAtexture level.
0000000000003260 | 00 00 00 00 CD A5 47 71  00 00 00 12 77 61 44 41 | ......Gq....waDA
0000000000003270 | 74 65 78 74 75 72 65 20  70 61 74 68 6E 61 6D 65 | texture pathname
0000000000003280 | 00 40 96 3F 89 D5 00 00  00 92 49 44 41 54 78 9C | .@.?......IDATx.
0000000000003290 | ED D0 41 11 00 00 08 80  30 FB 97 D6 18 7B C8 12 | ..A.....0....{..
00000000000032A0 | 70 CC 3E 37 3A 40 6B 80  0E D0 1A A0 03 B4 06 E8 | p.>7:@k.........
00000000000032B0 | 00 AD 01 3A 40 6B 80 0E  D0 1A A0 03 B4 06 E8 00 | ...:@k..........
00000000000032C0 | AD 01 3A 40 6B 80 0E D0  1A A0 03 B4 06 E8 00 AD | ..:@k...........
00000000000032D0 | 01 3A 40 6B 80 0E D0 1A  A0 03 B4 06 E8 00 AD 01 | .:@k............
00000000000032E0 | 3A 40 6B 80 0E D0 1A A0  03 B4 06 E8 00 AD 01 3A | :@k............:
00000000000032F0 | 40 6B 80 0E D0 1A A0 03  B4 06 E8 00 AD 01 3A 40 | @k............:@
0000000000003300 | 6B 80 0E D0 1A A0 03 B4  06 E8 00 AD 01 3A 40 6B | k............:@k
0000000000003310 | 80 0E D0 1A A0 03 B4 06  E8 00 ED 00 46 D0 C3 B2 | ............F...
0000000000003320 | A5 DE DF BC 00 00 00 00  49 45 4E 44 AE 42 60 82 | ........IEND.B`.
0000000000003330 | 00 00 0A D1 49 50 4E 47  89 50 4E 47 0D 0A 1A 0A | ....IPNG.PNG....
0000000000003340 | 00 00 00 0D 49 48 44 52  00 00 00 B4 00 00 00 64 | ....IHDR.......d
0000000000003350 | 08 06 00 00 00 2F F3 1A  1D 00 00 00 09 70 48 59 | ...../.......pHY
0000000000003360 | 73 00 00 0B 12 00 00 0B  12 01 D2 DD 7E FC 00 00 | s...........~...
0000000000003370 | 00 11 74 45 58 74 6F 62  6A 65 63 74 20 74 79 70 | ..tEXtobject typ
0000000000003380 | 65 00 69 6D 61 67 65 11  2A 85 AB 00 00 00 15 77 | e.image.*......w
0000000000003390 | 61 44 41 6F 62 6A 65 63  74 20 73 75 62 74 79 70 | aDAobject subtyp
00000000000033A0 | 65 00 76 65 63 74 6F 72  FA F8 BA 8C 00 00 00 16 | e.vector........
00000000000033B0 | 77 61 44 41 69 6D 61 67  65 20 70 6F 73 69 74 69 | waDAimage positi
00000000000033C0 | 6F 6E 31 20 78 00 00 00  00 41 86 C8 3F 63 00 00 | on1 x....A..?c..
00000000000033D0 | 00 16 77 61 44 41 69 6D  61 67 65 20 70 6F 73 69 | ..waDAimage posi
00000000000033E0 | 74 69 6F 6E 31 20 79 00  00 00 00 50 27 24 CC 34 | tion1 y....P'$.4
00000000000033F0 | 00 00 00 16 77 61 44 41  69 6D 61 67 65 20 70 6F | ....waDAimage po
0000000000003400 | 73 69 74 69 6F 6E 32 20  78 00 00 00 00 F4 B3 4C | sition2 x......L
0000000000003410 | 7F 83 00 00 00 16 77 61  44 41 69 6D 61 67 65 20 | ......waDAimage 
0000000000003420 | 70 6F 73 69 74 69 6F 6E  32 20 79 00 00 00 00 50 | position2 y....P
0000000000003430 | A9 AB CB D7 00 00 00 16  77 61 44 41 69 6D 61 67 | ........waDAimag
0000000000003440 | 65 20 70 6F 73 69 74 69  6F 6E 33 20 78 00 00 00 | e position3 x...
0000000000003450 | 00 F4 7F E6 7F 1D 00 00  00 16 77 61 44 41 69 6D | ..........waDAim
0000000000003460 | 61 67 65 20 70 6F 73 69  74 69 6F 6E 33 20 79 00 | age position3 y.
0000000000003470 | 00 00 00 B3 5C 02 78 8B  00 00 00 16 77 61 44 41 | ....\.x.....waDA
0000000000003480 | 69 6D 61 67 65 20 70 6F  73 69 74 69 6F 6E 34 20 | image position4 
0000000000003490 | 78 00 00 00 00 41 CE 28  31 07 00 00 00 16 77 61 | x....A.(1.....wa
00000000000034A0 | 44 41 69 6D 61 67 65 20  70 6F 73 69 74 69 6F 6E | DAimage position
00000000000034B0 | 34 20 79 00 00 00 00 B3  56 C7 71 92 00 00 00 10 | 4 y.....V.q.....
00000000000034C0 | 77 61 44 41 69 6D 61 67  65 20 61 6C 70 68 61 00 | waDAimage alpha.
00000000000034D0 | 00 00 00 FF 86 1C 5A 2D  00 00 00 11 77 61 44 41 | ......Z-....waDA
00000000000034E0 | 69 6D 61 67 65 20 68 69  64 64 65 6E 00 00 00 00 | image hidden....
00000000000034F0 | 00 F9 29 EB 1A 00 00 00  12 77 61 44 41 76 65 63 | ..)......waDAvec
0000000000003500 | 74 6F 72 20 63 6C 6F 73  65 64 00 00 00 00 01 61 | tor closed.....a
0000000000003510 | F8 56 29 00 00 00 13 77  61 44 41 76 65 63 74 6F | .V)....waDAvecto
0000000000003520 | 72 20 71 75 61 6C 69 74  79 00 00 00 00 01 BA B9 | r quality.......
0000000000003530 | 6F D6 00 00 00 18 77 61  44 41 76 65 63 74 6F 72 | o.....waDAvector
0000000000003540 | 20 65 6C 65 6D 65 6E 74  20 74 79 70 65 00 00 00 |  element type...
0000000000003550 | 00 04 A1 6D A0 56 00 00  00 18 77 61 44 41 76 65 | ...m.V....waDAve
0000000000003560 | 63 74 6F 72 20 73 74 72  6F 6B 65 20 73 74 79 6C | ctor stroke styl
0000000000003570 | 65 00 00 00 00 00 0C 12  72 FA 00 00 00 16 77 61 | e.......r.....wa
0000000000003580 | 44 41 76 65 63 74 6F 72  20 73 74 72 6F 6B 65 20 | DAvector stroke 
0000000000003590 | 63 61 70 00 00 00 00 00  E3 8D 8A FE 00 00 00 17 | cap.............
00000000000035A0 | 77 61 44 41 76 65 63 74  6F 72 20 73 74 72 6F 6B | waDAvector strok
00000000000035B0 | 65 20 6A 6F 69 6E 00 00  00 00 02 1F 7B CF 6E 00 | e join......{.n.
00000000000035C0 | 00 00 1F 77 61 44 41 76  65 63 74 6F 72 20 73 74 | ...waDAvector st
00000000000035D0 | 61 72 74 20 73 74 72 6F  6B 65 20 6D 61 72 6B 65 | art stroke marke
00000000000035E0 | 72 00 00 00 00 00 A8 05  5E 26 00 00 00 1D 77 61 | r.......^&....wa
00000000000035F0 | 44 41 76 65 63 74 6F 72  20 65 6E 64 20 73 74 72 | DAvector end str
0000000000003600 | 6F 6B 65 20 6D 61 72 6B  65 72 00 00 00 00 00 09 | oke marker......
0000000000003610 | EE A9 A5 00 00 00 1D 77  61 44 41 76 65 63 74 6F | .......waDAvecto
0000000000003620 | 72 20 73 74 61 72 74 20  6D 61 72 6B 65 72 20 73 | r start marker s
0000000000003630 | 69 7A 65 00 00 00 00 04  0F 03 68 70 00 00 00 1B | ize.......hp....
0000000000003640 | 77 61 44 41 76 65 63 74  6F 72 20 65 6E 64 20 6D | waDAvector end m
0000000000003650 | 61 72 6B 65 72 20 73 69  7A 65 00 00 00 00 04 DE | arker size......
0000000000003660 | AF 07 11 00 00 00 1C 77  61 44 41 76 65 63 74 6F | .......waDAvecto
0000000000003670 | 72 20 73 74 72 6F 6B 65  20 77 69 64 74 68 00 3F | r stroke width.?
0000000000003680 | F0 00 00 00 00 00 00 4F  C0 D9 82 00 00 00 18 77 | .......O.......w
0000000000003690 | 61 44 41 76 65 63 74 6F  72 20 6D 61 74 72 69 78 | aDAvector matrix
00000000000036A0 | 20 61 00 3F F0 00 00 00  00 00 00 D6 F7 BB C2 00 |  a.?............
00000000000036B0 | 00 00 18 77 61 44 41 76  65 63 74 6F 72 20 6D 61 | ...waDAvector ma
00000000000036C0 | 74 72 69 78 20 62 00 00  00 00 00 00 00 00 00 05 | trix b..........
00000000000036D0 | 53 7B C9 00 00 00 18 77  61 44 41 76 65 63 74 6F | S{.....waDAvecto
00000000000036E0 | 72 20 6D 61 74 72 69 78  20 63 00 00 00 00 00 00 | r matrix c......
00000000000036F0 | 00 00 00 EA 91 10 F7 00  00 00 18 77 61 44 41 76 | ...........waDAv
0000000000003700 | 65 63 74 6F 72 20 6D 61  74 72 69 78 20 64 00 3F | ector matrix d.?
0000000000003710 | F0 00 00 00 00 00 00 30  DE 70 86 00 00 00 18 77 | .......0.p.....w
0000000000003720 | 61 44 41 76 65 63 74 6F  72 20 6D 61 74 72 69 78 | aDAvector matrix
0000000000003730 | 20 65 00 00 00 00 00 00  00 00 00 E7 8F 60 B0 00 |  e...........`..
0000000000003740 | 00 00 18 77 61 44 41 76  65 63 74 6F 72 20 6D 61 | ...waDAvector ma
0000000000003750 | 74 72 69 78 20 66 00 00  00 00 00 00 00 00 00 0C | trix f..........
0000000000003760 | B8 DB B3 00 00 00 20 77  61 44 41 76 65 63 74 6F | ...... waDAvecto
0000000000003770 | 72 20 6F 72 69 67 69 6E  61 6C 20 70 6F 73 69 74 | r original posit
0000000000003780 | 69 6F 6E 31 20 78 00 00  00 00 41 A4 06 BB FD 00 | ion1 x....A.....
0000000000003790 | 00 00 20 77 61 44 41 76  65 63 74 6F 72 20 6F 72 | .. waDAvector or
00000000000037A0 | 69 67 69 6E 61 6C 20 70  6F 73 69 74 69 6F 6E 31 | iginal position1
00000000000037B0 | 20 79 00 00 00 00 50 05  EA 48 AA 00 00 00 20 77 |  y....P..H.... w
00000000000037C0 | 61 44 41 76 65 63 74 6F  72 20 6F 72 69 67 69 6E | aDAvector origin
00000000000037D0 | 61 6C 20 70 6F 73 69 74  69 6F 6E 32 20 78 00 00 | al position2 x..
00000000000037E0 | 00 00 F4 91 82 FB 1D 00  00 00 20 77 61 44 41 76 | .......... waDAv
00000000000037F0 | 65 63 74 6F 72 20 6F 72  69 67 69 6E 61 6C 20 70 | ector original p
0000000000003800 | 6F 73 69 74 69 6F 6E 32  20 79 00 00 00 00 50 8B | osition2 y....P.
0000000000003810 | 65 4F 49 00 00 00 20 77  61 44 41 76 65 63 74 6F | eOI... waDAvecto
0000000000003820 | 72 20 6F 72 69 67 69 6E  61 6C 20 70 6F 73 69 74 | r original posit
0000000000003830 | 69 6F 6E 33 20 78 00 00  00 00 F4 5D 28 FB 83 00 | ion3 x.....](...
0000000000003840 | 00 00 20 77 61 44 41 76  65 63 74 6F 72 20 6F 72 | .. waDAvector or
0000000000003850 | 69 67 69 6E 61 6C 20 70  6F 73 69 74 69 6F 6E 33 | iginal position3
0000000000003860 | 20 79 00 00 00 00 B3 7E  CC FC 15 00 00 00 20 77 |  y.....~...... w
0000000000003870 | 61 44 41 76 65 63 74 6F  72 20 6F 72 69 67 69 6E | aDAvector origin
0000000000003880 | 61 6C 20 70 6F 73 69 74  69 6F 6E 34 20 78 00 00 | al position4 x..
0000000000003890 | 00 00 41 EC E6 B5 99 00  00 00 20 77 61 44 41 76 | ..A....... waDAv
00000000000038A0 | 65 63 74 6F 72 20 6F 72  69 67 69 6E 61 6C 20 70 | ector original p
00000000000038B0 | 6F 73 69 74 69 6F 6E 34  20 79 00 00 00 00 B3 74 | osition4 y.....t
00000000000038C0 | 09 F5 0C 00 00 00 21 77  61 44 41 76 65 63 74 6F | ......!waDAvecto
00000000000038D0 | 72 20 65 6E 61 62 6C 65  20 73 74 72 6F 6B 65 20 | r enable stroke 
00000000000038E0 | 74 65 78 74 75 72 65 00  00 00 00 01 10 BD 47 43 | texture.......GC
00000000000038F0 | 00 00 00 1F 77 61 44 41  76 65 63 74 6F 72 20 65 | ....waDAvector e
0000000000003900 | 6E 61 62 6C 65 20 66 69  6C 6C 20 74 65 78 74 75 | nable fill textu
0000000000003910 | 72 65 00 00 00 00 01 94  DD B4 D1 00 00 00 1E 77 | re.............w
0000000000003920 | 61 44 41 76 65 63 74 6F  72 20 65 66 66 65 63 74 | aDAvector effect
0000000000003930 | 20 6F 62 6A 65 63 74 20  74 79 70 65 00 6E 6F 6E |  object type.non
0000000000003940 | 65 78 01 C3 67 00 00 04  AC 49 44 41 54 78 9C ED | ex..g....IDATx..
0000000000003950 | DD 7F 64 D7 5B 1C C7 F1  D7 9D 9B 9B A2 45 13 91 | ..d.[........E..
0000000000003960 | 25 8B 26 22 DD 1B 91 45  BB 57 13 91 E5 DE 45 13 | %.&"...E.W....E.
0000000000003970 | 11 89 C8 A2 49 13 91 45  8B 26 22 12 91 45 93 26 | ....I..E.&"..E.&
0000000000003980 | 22 9B DB BA 9A 88 48 44  16 4D 9A 88 2C FA 46 89 | ".....HD.M..,.F.
0000000000003990 | 88 77 BD AF 5C B7 9B ED  6E DF 7D 7E 9C CF F9 3C | .w..\...n.}~...<
00000000000039A0 | FF 78 1A FB FE F8 7C CE  39 0F 33 DF 1F E7 23 49 | .x....|.9.3...#I
00000000000039B0 | 46 14 51 B2 1A 7D B2 39  FA 48 54 E8 BE 03 3D 57 | F.Q..}.9.HT...=W
00000000000039C0 | 1F 6C 9E DE 13 15 2A 77  3B 29 E8 F9 7A 67 0B F4 | .l....*w;)..zg..
00000000000039D0 | D6 6A 55 21 0A 3A 77 EA  5E A7 05 7A A1 DE D8 22 | .jU!.:w.^..z..."
00000000000039E0 | BD B6 3A 4D 10 05 95 BB  74 9F 55 81 5E AC 57 B6 | ..:M....t.U.^.W.
00000000000039F0 | 44 2F 89 82 C8 3D 26 02  7A A9 5E 58 BD C6 89 72 | D/...=&.z.^X...r
0000000000003A00 | C9 FD 25 0E 7A 99 9E DB  72 3D B3 06 8D 11 65 92 | ..%.z...r=....e.
0000000000003A10 | 7B 73 77 A9 82 5E A1 A7  B6 52 4F AC 51 A3 44 A9 | {sw..^...RO.Q.D.
0000000000003A20 | E4 BE DC 59 A6 A0 57 E9  B1 AD D6 23 A2 44 73 57 | ...Y..W....#.DsW
0000000000003A30 | B9 82 5E A3 87 B6 56 0F  88 66 95 3B 0A 0A F4 3A | ..^...V..f.;...:
0000000000003A40 | DD B7 F5 BA 47 34 A3 DC  4D D0 A0 37 E8 AE 35 69 | ....G4..M..7..5i
0000000000003A50 | 84 68 CA DC 49 61 40 6F  D4 1D DB A4 DB D6 AC 61 | .h..Ia@o.......a
0000000000003A60 | A2 6F 72 17 EE A3 90 A0  7F D3 2D DB AC 21 6B D1 | .or.......-..!k.
0000000000003A70 | 20 95 3C 77 E0 1E A2 00  BD 45 37 6D AB 6E 50 49 |  .<w.....E7m.nPI
0000000000003A80 | F3 F5 8F 12 F4 36 5D B7  56 0D 50 49 F2 F5 8E 1E | .....6].V.PI....
0000000000003A90 | F4 76 5D B3 3F 74 D5 DA  D4 4F 91 E6 EB EB EB 5C | .v].?t...O.....\
0000000000003AA0 | 2A D0 3B 74 C5 76 EA B2  B5 AB 8F 22 C9 D7 D3 D7 | *.;t.v....."....
0000000000003AB0 | B5 D4 A0 77 E9 92 ED D6  45 2A 78 BE 8E 80 FE 17 | ...w....E*x.....
0000000000003AC0 | E8 3D BA 60 7B 75 9E 0A  96 AF 1B A0 A7 00 BD 4F | .=.`{u.........O
0000000000003AD0 | E7 6C BF CE 52 E0 F9 3A  01 7A 06 A0 0F E8 8C 75 | .l..R..:.z.....u
0000000000003AE0 | A8 97 02 CB D7 05 D0 55  82 3E A8 D3 76 48 A7 AC | .......U.>..vH..
0000000000003AF0 | 53 3D 94 73 BE 0E BE 1E  80 4E 00 F4 61 9D B4 23 | S=.s.....N..a..#
0000000000003B00 | 3A 61 5D EA A6 8C F3 79  F7 F9 07 74 0A A0 8F EA | :a]....y...t....
0000000000003B10 | B8 1D D3 31 CA 28 9F 6F  40 67 00 FA B8 8E 5A B7 | ...1.(.o@g....Z.
0000000000003B20 | BA 28 A5 7C 7E 01 9D 31  E8 13 3A 62 27 75 D8 7A | .(.|~..1..:b'u.z
0000000000003B30 | D4 49 09 E5 F3 E9 F3 0A  E8 1C 41 9F D2 21 3B AD | .I........A..!;.
0000000000003B40 | 83 D6 AB 0E AA 32 9F 3F  9F 47 40 07 04 FA 8C 0E | .....2.?.G@.....
0000000000003B50 | D8 59 ED A7 19 E6 F3 06  E8 80 41 9F D3 3E 3B AF | .Y........A..>;.
0000000000003B60 | BD F4 3F F9 3C 01 BA 40  A0 2F 68 8F 5D D4 6E FA | ..?.<..@./h.].n.
0000000000003B70 | 4F 3E 2F 80 2E 30 E8 4B  DA 65 7D 6A 2F 7D 3E 0F | O>/..0.K.e}j/}>.
0000000000003B80 | 80 8E 04 F4 65 ED B4 2B  DA 61 FD 6A 2B 5D 3E 6E | ....e..+.a.j+]>n
0000000000003B90 | 1F 3F A0 23 04 7D 55 BF  DB 35 6D B7 01 B5 46 9F | .?.#.}U..5m...F.
0000000000003BA0 | 8F D3 C7 0B E8 12 80 BE  AE 6D 76 43 5B A3 CD C7 | .........mvC[...
0000000000003BB0 | 07 E8 12 82 BE A9 2D 36  A8 96 68 F2 F1 00 BA E4 | ......-6..h.....
0000000000003BC0 | A0 87 B4 D9 6E E9 57 1B  56 73 61 F3 F3 F7 71 00 | ....n.W.Vsa...q.
0000000000003BD0 | 1A D0 FF 80 BE AD 4D 76  47 1B 6D 44 4D 85 C9 CF | ......MvG.mDM...
0000000000003BE0 | D7 CF 1B D0 80 9E 14 F4  5D 6D B0 7B 5A 1F 7C 7E | ........]m.{Z.|~
0000000000003BF0 | 9E 80 06 F4 B4 41 DF D7  3A 7B A0 B5 C1 E5 E7 05 | .....A..:{......
0000000000003C00 | 68 40 57 0D FA A1 D6 D8  23 AD CE 3D 3F 0F 40 03 | h@W.....#..=?.@.
0000000000003C10 | 3A 31 D0 8F B5 CA 46 D5  98 79 7E 5C 40 03 3A 15 | :1....F..y~\@.:.
0000000000003C20 | D0 4F B4 D2 9E 6A 85 8D  A9 21 F5 FC 38 7E 3C 40 | .O...j...!..8~<@
0000000000003C30 | 03 3A 75 D0 CF B4 DC 9E  6B 99 8D AB 3E F1 FC 79 | .:u.....k...>..y
0000000000003C40 | FD F9 01 0D E8 CC 41 BF  D0 52 7B A9 25 89 E5 CF | ......A..R{.%...
0000000000003C50 | 07 68 40 E7 0E FA 95 16  DB 84 EA AA CE 1F 0F 68 | .h@............h
0000000000003C60 | 40 07 05 FA B5 16 D9 1B  2D B4 8A 6A A7 9D DF DF | @.......-..j....
0000000000003C70 | 1F 07 68 40 07 0B FA AD  16 D8 3B CD B7 F7 9A 37 | ..h@......;....7
0000000000003C80 | 69 7E BB DF 0F D0 80 2E  0C E8 0F 9A 6B 1F 35 E7 | i~..........k.5.
0000000000003C90 | BB FC F7 80 06 74 61 41  7F 52 8D 7D 99 E9 BF 7F | .....taA.R.}....
0000000000003CA0 | 02 1A D0 85 07 CD 5F 68  40 47 01 9A FF A1 01 1D | ......_h@G......
0000000000003CB0 | 05 68 5E E5 00 74 14 A0  79 1D 1A D0 D1 80 E6 9D | .h^..t..y.......
0000000000003CC0 | 42 40 47 01 9A CF 72 00  3A 0A D0 7C DA 0E D0 51 | B@G...r.:..|...Q
0000000000003CD0 | 80 E6 F3 D0 80 8E 06 74  DE 01 1A D0 7C A7 10 D0 | .......t....|...
0000000000003CE0 | 80 E6 5B DF 80 8E 0A 74  DE 7B 6D B0 2F 07 A0 D9 | ..[....t.{m./...
0000000000003CF0 | 39 09 D0 80 66 6F 3B 40  47 07 3A D6 00 5D 32 D0 | 9...fo;@G.:..]2.
0000000000003D00 | 79 EF DD CC FE D0 80 66  07 7F 76 F0 07 34 D7 58 | y......f..v..4.X
0000000000003D10 | E1 1A 2B D1 81 26 AE 82  15 05 68 E2 3A 85 51 80 | ..+..&....h.:.Q.
0000000000003D20 | 26 AE 24 1B 05 E8 BC AF  97 5D E4 00 1D 10 E8 1E | &.$......]......
0000000000003D30 | 75 52 42 01 3A 47 D0 DD  EA A2 94 02 74 C6 A0 29 | uRB.:G......t..)
0000000000003D40 | 9B 00 9D 32 E8 2E 75 53  C6 01 3A 05 D0 9D EA A1 | ...2..uS..:.....
0000000000003D50 | 9C 03 74 02 A0 3B D4 4B  81 05 E8 2A 41 53 D8 01 | ..t..;.K...*AS..
0000000000003D60 | 7A 9A A0 A9 58 01 7A 12  D0 54 EC 00 FD 15 74 BB | z...X.z..T....t.
0000000000003D70 | FA 28 92 4A 0D BA 4D FD  14 69 A5 02 DD AA 01 2A | .(.J..M..i.....*
0000000000003D80 | 49 D1 83 A6 72 16 1D E8  16 0D 52 C9 8B 02 74 B3 | I...r.....R...t.
0000000000003D90 | 86 89 BE A9 90 A0 9B 34  42 34 65 85 01 4D 34 93 | .......4B4e..M4.
0000000000003DA0 | 82 05 4D 34 9B 82 01 4D  94 64 B9 81 6E D4 28 51 | ..M4...M.d..n.(Q
0000000000003DB0 | 2A 65 0A BA 41 63 44 99  94 2A E8 7A 8D 13 E5 52 | *e..AcD..*.z...R
0000000000003DC0 | E2 A0 89 42 68 D6 A0 EB  34 41 14 54 55 81 AE 55 | ...Bh...4A.TU..U
0000000000003DD0 | 85 28 E8 A6 00 FD 97 FD  A8 61 FB 49 7F 7E B9 71 | .(.......a.I.~.q
0000000000003DE0 | 88 A8 50 B9 5B F7 FB 15  F4 2F 95 1F F4 73 A5 86 | ..P.[..../...s..
0000000000003DF0 | A8 E0 B9 E3 CF BE 73 A0  68 24 DF 7B AB 00 00 00 | ......s.h$.{....
0000000000003E00 | 00 49 45 4E 44 AE 42 60  82 00 00 03 D3 49 50 4E | .IEND.B`.....IPN
0000000000003E10 | 47 89 50 4E 47 0D 0A 1A  0A 00 00 00 0D 49 48 44 | G.PNG........IHD
0000000000003E20 | 52 00 00 00 40 00 00 00  40 08 06 00 00 00 AA 69 | R...@...@......i
0000000000003E30 | 71 DE 00 00 00 09 70 48  59 73 00 00 0B 12 00 00 | q.....pHYs......
0000000000003E40 | 0B 12 01 D2 DD 7E FC 00  00 00 13 74 45 58 74 6F | .....~.....tEXto
0000000000003E50 | 62 6A 65 63 74 20 74 79  70 65 00 74 65 78 74 75 | bject type.textu
0000000000003E60 | 72 65 68 09 4E 6A 00 00  00 16 77 61 44 41 69 6D | reh.Nj....waDAim
0000000000003E70 | 61 67 65 20 70 6F 73 69  74 69 6F 6E 31 20 78 00 | age position1 x.
0000000000003E80 | 00 00 00 00 87 13 4E 65  00 00 00 16 77 61 44 41 | ......Ne....waDA
0000000000003E90 | 69 6D 61 67 65 20 70 6F  73 69 74 69 6F 6E 31 20 | image position1 
0000000000003EA0 | 79 00 00 00 00 00 4C 4F  9D C0 00 00 00 16 77 61 | y.....LO......wa
0000000000003EB0 | 44 41 69 6D 61 67 65 20  70 6F 73 69 74 69 6F 6E | DAimage position
0000000000003EC0 | 32 20 78 00 00 00 00 3F  BF FA 64 BB 00 00 00 16 | 2 x....?..d.....
0000000000003ED0 | 77 61 44 41 69 6D 61 67  65 20 70 6F 73 69 74 69 | waDAimage positi
0000000000003EE0 | 6F 6E 32 20 79 00 00 00  00 00 C2 C0 9A 23 00 00 | on2 y........#..
0000000000003EF0 | 00 16 77 61 44 41 69 6D  61 67 65 20 70 6F 73 69 | ..waDAimage posi
0000000000003F00 | 74 69 6F 6E 33 20 78 00  00 00 00 3F 73 50 64 25 | tion3 x....?sPd%
0000000000003F10 | 00 00 00 16 77 61 44 41  69 6D 61 67 65 20 70 6F | ....waDAimage po
0000000000003F20 | 73 69 74 69 6F 6E 33 20  79 00 00 00 00 3F B8 0C | sition3 y....?..
0000000000003F30 | B7 80 00 00 00 16 77 61  44 41 69 6D 61 67 65 20 | ......waDAimage 
0000000000003F40 | 70 6F 73 69 74 69 6F 6E  34 20 78 00 00 00 00 00 | position4 x.....
0000000000003F50 | CF F3 40 01 00 00 00 16  77 61 44 41 69 6D 61 67 | ..@.....waDAimag
0000000000003F60 | 65 20 70 6F 73 69 74 69  6F 6E 34 20 79 00 00 00 | e position4 y...
0000000000003F70 | 00 3F B2 C9 BE 99 00 00  00 10 77 61 44 41 69 6D | .?........waDAim
0000000000003F80 | 61 67 65 20 61 6C 70 68  61 00 00 00 00 FF 86 1C | age alpha.......
0000000000003F90 | 5A 2D 00 00 00 11 77 61  44 41 69 6D 61 67 65 20 | Z-....waDAimage 
0000000000003FA0 | 68 69 64 64 65 6E 00 00  00 00 00 F9 29 EB 1A 00 | hidden......)...
0000000000003FB0 | 00 00 24 77 61 44 41 74  65 78 74 75 72 65 20 6F | ..$waDAtexture o
0000000000003FC0 | 62 6A 65 63 74 20 74 79  70 65 00 67 72 61 64 61 | bject type.grada
0000000000003FD0 | 74 69 6F 6E 20 73 71 75  61 72 65 FB E5 6E 65 00 | tion square..ne.
0000000000003FE0 | 00 00 13 77 61 44 41 74  65 78 74 75 72 65 20 63 | ...waDAtexture c
0000000000003FF0 | 6F 6C 6F 72 31 00 00 00  00 FF 0C FC 67 5E 00 00 | olor1.......g^..
0000000000004000 | 00 13 77 61 44 41 74 65  78 74 75 72 65 20 63 6F | ..waDAtexture co
0000000000004010 | 6C 6F 72 32 00 00 FF 00  00 19 F2 CE 90 00 00 00 | lor2............
0000000000004020 | 12 77 61 44 41 74 65 78  74 75 72 65 20 61 6E 67 | .waDAtexture ang
0000000000004030 | 6C 65 00 00 00 00 00 B8  88 77 B2 00 00 00 12 77 | le.......w.....w
0000000000004040 | 61 44 41 74 65 78 74 75  72 65 20 6C 65 76 65 6C | aDAtexture level
0000000000004050 | 00 00 00 00 00 CD A5 47  71 00 00 00 12 77 61 44 | .......Gq....waD
0000000000004060 | 41 74 65 78 74 75 72 65  20 70 61 74 68 6E 61 6D | Atexture pathnam
0000000000004070 | 65 00 40 96 3F 89 D5 00  00 01 55 49 44 41 54 78 | e.@.?.....UIDATx
0000000000004080 | 9C E5 D9 1B 17 02 51 14  86 E1 CF 06 C3 30 0C C3 | ......Q......0..
0000000000004090 | 30 1C 0C C3 30 0C C3 C1  C1 C1 30 0C C3 30 0C C3 | 0...0.....0..0..
00000000000040A0 | 30 0C C3 B0 8B B4 56 6B  BA CC E5 5C F6 DE 1F 3C | 0.....Vk...\...<
00000000000040B0 | F3 03 DE 35 6B E6 9C BD  01 DC 6E DC 1E 8F 04 57 | ...5k.....n....W
00000000000040C0 | 5A AF 00 1D 5C E8 94 02  74 71 A6 F1 35 40 0F 27 | Z...\...tq..5@.'
00000000000040D0 | F3 FE 06 E8 E3 68 56 E5  00 03 1C CC A9 1D 60 88 | .....hV.......`.
00000000000040E0 | BD 19 8D 03 8C B0 53 AF  75 80 14 5B B5 9C 05 18 | ......S.u..[....
00000000000040F0 | 63 A3 8E F3 00 13 AC D5  F0 16 60 8A 95 78 DE 03 | c.........`..x..
0000000000004100 | CC B0 14 2B 58 80 39 0A  71 82 07 58 20 17 23 5A | ...+X.9.q..X .#Z
0000000000004110 | 80 0C 59 74 D1 03 E4 58  44 23 26 40 81 79 70 E2 | ..Yt...XD#&@.yp.
0000000000004120 | 02 2C 31 0B 46 6C 80 15  A6 DE 89 0F B0 C6 C4 1B | .,1.Fl..........
0000000000004130 | 35 01 36 18 3B A7 2E C0  16 A9 33 6A 03 EC 30 6A | 5.6.;.....3j..0j
0000000000004140 | 4D 7D 80 3D 86 8D 99 09  70 C0 A0 36 73 01 8E E8 | M}.=....p..6s...
0000000000004150 | 57 66 36 C0 09 BD BF CC  07 38 A3 FB 15 4D 80 0B | Wf6......8...M..
0000000000004160 | 3A 25 74 01 AE 48 5E 68  03 3C 97 F4 D4 01 A8 DF | :%t..H^h.<......
0000000000004170 | 00 EA 6F 00 F5 5F 80 FA  1C 40 7D 12 A4 BE 0B 50 | ..o.._...@}....P
0000000000004180 | DF 06 A9 E7 01 D4 13 21  EA 99 20 F5 54 98 7A 2F | .......!.. .T.z/
0000000000004190 | 40 BD 19 A2 DE 0D 52 6F  87 63 8B 1A 40 8A 28 01 | @.....Ro.c..@.(.
00000000000041A0 | A4 09 1A 40 AA 20 01 A4  F3 1A 40 0B 2F 01 B4 71 | ...@. ....@./..q
00000000000041B0 | 1A 40 2B 27 01 B4 6B 15  C0 8A 46 01 AC A9 15 C0 | .@+'..k...F.....
00000000000041C0 | AA 4A 01 AC FB 19 80 C5  C7 00 6C DE 02 B0 BA 03 | .J........l.....
00000000000041D0 | CF 06 D2 52 E7 15 35 7C  00 00 00 00 49 45 4E 44 | ...R..5|....IEND
00000000000041E0 | AE 42 60 82 00 00 00 A8  49 50 4E 47 89 50 4E 47 | .B`.....IPNG.PNG
00000000000041F0 | 0D 0A 1A 0A 00 00 00 0D  49 48 44 52 00 00 00 4C | ........IHDR...L
0000000000004200 | 00 00 00 01 08 06 00 00  00 74 51 48 99 00 00 00 | .........tQH....
0000000000004210 | 09 70 48 59 73 00 00 0B  12 00 00 0B 12 01 D2 DD | .pHYs...........
0000000000004220 | 7E FC 00 00 00 12 74 45  58 74 6F 62 6A 65 63 74 | ~.....tEXtobject
0000000000004230 | 20 74 79 70 65 00 76 65  63 74 6F 72 A1 6A 69 DF |  type.vector.ji.
0000000000004240 | 00 00 00 3C 49 44 41 54  78 9C 63 60 60 60 65 60 | ...<IDATx.c```e`
0000000000004250 | 60 60 64 00 81 00 07 06  07 10 1D C2 00 A1 89 03 | ``d.............
0000000000004260 | 4C 0C BF 16 CE F9 9F 37  FF 3F 45 7A 41 74 5A FD | L......7.?EzAtZ.
0000000000004270 | 7F 92 F4 82 00 C8 CD A4  EB 65 26 5E 29 1A 00 00 | .........e&^)...
0000000000004280 | D6 AF 18 90 B1 14 3C CD  00 00 00 00 49 45 4E 44 | ......<.....IEND
0000000000004290 | AE 42 60 82 00 00 03 1B  49 50 4E 47 89 50 4E 47 | .B`.....IPNG.PNG
00000000000042A0 | 0D 0A 1A 0A 00 00 00 0D  49 48 44 52 00 00 00 40 | ........IHDR...@
00000000000042B0 | 00 00 00 40 08 06 00 00  00 AA 69 71 DE 00 00 00 | ...@......iq....
00000000000042C0 | 09 70 48 59 73 00 00 0B  12 00 00 0B 12 01 D2 DD | .pHYs...........
00000000000042D0 | 7E FC 00 00 00 13 74 45  58 74 6F 62 6A 65 63 74 | ~.....tEXtobject
00000000000042E0 | 20 74 79 70 65 00 74 65  78 74 75 72 65 68 09 4E |  type.textureh.N
00000000000042F0 | 6A 00 00 00 16 77 61 44  41 69 6D 61 67 65 20 70 | j....waDAimage p
0000000000004300 | 6F 73 69 74 69 6F 6E 31  20 78 00 00 00 00 00 87 | osition1 x......
0000000000004310 | 13 4E 65 00 00 00 16 77  61 44 41 69 6D 61 67 65 | .Ne....waDAimage
0000000000004320 | 20 70 6F 73 69 74 69 6F  6E 31 20 79 00 00 00 00 |  position1 y....
0000000000004330 | 00 4C 4F 9D C0 00 00 00  16 77 61 44 41 69 6D 61 | .LO......waDAima
0000000000004340 | 67 65 20 70 6F 73 69 74  69 6F 6E 32 20 78 00 00 | ge position2 x..
0000000000004350 | 00 00 3F BF FA 64 BB 00  00 00 16 77 61 44 41 69 | ..?..d.....waDAi
0000000000004360 | 6D 61 67 65 20 70 6F 73  69 74 69 6F 6E 32 20 79 | mage position2 y
0000000000004370 | 00 00 00 00 00 C2 C0 9A  23 00 00 00 16 77 61 44 | ........#....waD
0000000000004380 | 41 69 6D 61 67 65 20 70  6F 73 69 74 69 6F 6E 33 | Aimage position3
0000000000004390 | 20 78 00 00 00 00 3F 73  50 64 25 00 00 00 16 77 |  x....?sPd%....w
00000000000043A0 | 61 44 41 69 6D 61 67 65  20 70 6F 73 69 74 69 6F | aDAimage positio
00000000000043B0 | 6E 33 20 79 00 00 00 00  3F B8 0C B7 80 00 00 00 | n3 y....?.......
00000000000043C0 | 16 77 61 44 41 69 6D 61  67 65 20 70 6F 73 69 74 | .waDAimage posit
00000000000043D0 | 69 6F 6E 34 20 78 00 00  00 00 00 CF F3 40 01 00 | ion4 x.......@..
00000000000043E0 | 00 00 16 77 61 44 41 69  6D 61 67 65 20 70 6F 73 | ...waDAimage pos
00000000000043F0 | 69 74 69 6F 6E 34 20 79  00 00 00 00 3F B2 C9 BE | ition4 y....?...
0000000000004400 | 99 00 00 00 10 77 61 44  41 69 6D 61 67 65 20 61 | .....waDAimage a
0000000000004410 | 6C 70 68 61 00 00 00 00  FF 86 1C 5A 2D 00 00 00 | lpha.......Z-...
0000000000004420 | 11 77 61 44 41 69 6D 61  67 65 20 68 69 64 64 65 | .waDAimage hidde
0000000000004430 | 6E 00 00 00 00 00 F9 29  EB 1A 00 00 00 19 77 61 | n......)......wa
0000000000004440 | 44 41 74 65 78 74 75 72  65 20 6F 62 6A 65 63 74 | DAtexture object
0000000000004450 | 20 74 79 70 65 00 63 6F  6C 6F 72 A6 92 70 71 00 |  type.color..pq.
0000000000004460 | 00 00 13 77 61 44 41 74  65 78 74 75 72 65 20 63 | ...waDAtexture c
0000000000004470 | 6F 6C 6F 72 31 00 00 00  00 00 21 FE 88 D3 00 00 | olor1.....!.....
0000000000004480 | 00 13 77 61 44 41 74 65  78 74 75 72 65 20 63 6F | ..waDAtexture co
0000000000004490 | 6C 6F 72 32 00 00 00 00  00 A7 6A FA 7D 00 00 00 | lor2......j.}...
00000000000044A0 | 12 77 61 44 41 74 65 78  74 75 72 65 20 61 6E 67 | .waDAtexture ang
00000000000044B0 | 6C 65 00 00 00 00 00 B8  88 77 B2 00 00 00 12 77 | le.......w.....w
00000000000044C0 | 61 44 41 74 65 78 74 75  72 65 20 6C 65 76 65 6C | aDAtexture level
00000000000044D0 | 00 00 00 00 00 CD A5 47  71 00 00 00 12 77 61 44 | .......Gq....waD
00000000000044E0 | 41 74 65 78 74 75 72 65  20 70 61 74 68 6E 61 6D | Atexture pathnam
00000000000044F0 | 65 00 40 96 3F 89 D5 00  00 00 A8 49 44 41 54 78 | e.@.?......IDATx
0000000000004500 | 9C E5 CE 21 01 00 00 0C  04 A1 EB 5F FA 17 03 31 | ...!......._...1
0000000000004510 | 81 A7 6A CF F1 80 C6 03  1A 0F 68 3C A0 F1 80 C6 | ..j.......h<....
0000000000004520 | 03 1A 0F 68 3C A0 F1 80  C6 03 1A 0F 68 3C A0 F1 | ...h<.......h<..
0000000000004530 | 80 C6 03 1A 0F 68 3C A0  F1 80 C6 03 1A 0F 68 3C | .....h<.......h<
0000000000004540 | A0 F1 80 C6 03 1A 0F 68  3C A0 F1 80 C6 03 1A 0F | .......h<.......
0000000000004550 | 68 3C A0 F1 80 C6 03 1A  0F 68 3C A0 F1 80 C6 03 | h<.......h<.....
0000000000004560 | 1A 0F 68 3C A0 F1 80 C6  03 1A 0F 68 3C A0 F1 80 | ..h<.......h<...
0000000000004570 | C6 03 1A 0F 68 3C A0 F1  80 C6 03 1A 0F 68 3C A0 | ....h<.......h<.
0000000000004580 | F1 80 C6 03 1A 0F 68 3C  A0 F1 80 C6 03 1A 0F 68 | ......h<.......h
0000000000004590 | 3C A0 F1 80 C6 03 1A 0F  68 3C A0 F1 80 C6 03 1A | <.......h<......
00000000000045A0 | 0F 50 07 58 7C F0 E2 A5  3E 36 48 00 00 00 00 49 | .P.X|...>6H....I
00000000000045B0 | 45 4E 44 AE 42 60 82 00  00 00 00 4D 45 4E 44    | END.B`.....MEND 
