# FileDumpOut Hex Dump
Source-File: 四角サンプル2a.mif
Source-Path: D:\DelphiProg\test\VectArtDesigner\mif\四角サンプル2a.mif
File-Size: 10369 bytes
Last-Modified-UTC: 2026-08-25T05:17:35.193Z
Generated-UTC: 2026-09-08T05:24:52.706Z
Bytes-Per-Line: 16
Columns: offset | hexadecimal bytes | ASCII (non-printable bytes are periods)

OFFSET           | 00 01 02 03 04 05 06 07  08 09 0A 0B 0C 0D 0E 0F | ASCII
-----------------+---------------------------------------------------+-----------------
0000000000000000 | 4D 49 4D 47 0D 0A 1A 00  00 00 00 04 4D 48 44 52 | MIMG........MHDR
0000000000000010 | 00 00 00 0A 00 00 09 BF  49 50 4E 47 89 50 4E 47 | ........IPNG.PNG
0000000000000020 | 0D 0A 1A 0A 00 00 00 0D  49 48 44 52 00 00 02 80 | ........IHDR....
0000000000000030 | 00 00 01 E0 08 06 00 00  00 35 D1 DC E4 00 00 00 | .........5......
0000000000000040 | 09 70 48 59 73 00 00 0B  12 00 00 0B 12 01 D2 DD | .pHYs...........
0000000000000050 | 7E FC 00 00 00 20 74 45  58 74 61 70 70 6C 69 63 | ~.... tEXtapplic
0000000000000060 | 61 74 69 6F 6E 20 6E 61  6D 65 00 57 65 62 41 72 | ation name.WebAr
0000000000000070 | 74 20 44 65 73 69 67 6E  65 72 6A 3D ED 32 00 00 | t Designerj=.2..
0000000000000080 | 00 18 77 61 44 41 61 70  70 6C 69 63 61 74 69 6F | ..waDAapplicatio
0000000000000090 | 6E 20 76 65 72 73 69 6F  6E 00 00 00 02 BC 03 6E | n version......n
00000000000000A0 | 03 91 00 00 00 1A 77 61  44 41 62 61 63 6B 67 72 | ......waDAbackgr
00000000000000B0 | 6F 75 6E 64 20 70 61 67  65 20 69 6E 64 65 78 00 | ound page index.
00000000000000C0 | 00 00 00 00 CF 2C 84 A8  00 00 08 FB 49 44 41 54 | .....,......IDAT
00000000000000D0 | 78 9C ED DB 51 0D C2 50  10 45 C1 42 2A A9 9A 10 | x...Q..P.E.B*...
00000000000000E0 | 85 A6 7A 7A 78 20 A4 9B  72 66 14 DC CF 93 4D F6 | ..zzx ..rf....M.
00000000000000F0 | B1 D6 5A 1B 00 00 19 CF  E9 01 00 00 5C 4B 00 02 | ..Z.........\K..
0000000000000100 | 00 C4 08 40 00 80 18 01  08 00 10 23 00 01 00 62 | ...@.......#...b
0000000000000110 | 04 20 00 40 8C 00 04 00  88 11 80 00 00 31 02 10 | . .@.........1..
0000000000000120 | 00 20 46 00 02 00 C4 08  40 00 80 18 01 08 00 10 | . F.....@.......
0000000000000130 | 23 00 01 00 62 04 20 00  40 8C 00 04 00 88 11 80 | #...b. .@.......
0000000000000140 | 00 00 31 02 10 00 20 46  00 02 00 C4 08 40 00 80 | ..1... F.....@..
0000000000000150 | 18 01 08 00 10 23 00 01  00 62 04 20 00 40 8C 00 | .....#...b. .@..
0000000000000160 | 04 00 88 11 80 00 00 31  02 10 00 20 46 00 02 00 | .......1... F...
0000000000000170 | C4 08 40 00 80 18 01 08  00 10 23 00 01 00 62 04 | ..@.......#...b.
0000000000000180 | 20 00 40 8C 00 04 00 88  11 80 00 00 31 02 10 00 |  .@.........1...
0000000000000190 | 20 46 00 02 00 C4 08 40  00 80 18 01 08 00 10 23 |  F.....@.......#
00000000000001A0 | 00 01 00 62 04 20 00 40  8C 00 04 00 88 11 80 00 | ...b. .@........
00000000000001B0 | 00 31 02 10 00 20 46 00  02 00 C4 08 40 00 80 18 | .1... F.....@...
00000000000001C0 | 01 08 00 10 23 00 01 00  62 04 20 00 40 8C 00 04 | ....#...b. .@...
00000000000001D0 | 00 88 11 80 00 00 31 02  10 00 20 46 00 02 00 C4 | ......1... F....
00000000000001E0 | 08 40 00 80 18 01 08 00  10 23 00 01 00 62 04 20 | .@.......#...b. 
00000000000001F0 | 00 40 8C 00 04 00 88 11  80 00 00 31 02 10 00 20 | .@.........1... 
0000000000000200 | 46 00 02 00 C4 08 40 00  80 18 01 08 00 10 23 00 | F.....@.......#.
0000000000000210 | 01 00 62 04 20 00 40 8C  00 04 00 88 11 80 00 00 | ..b. .@.........
0000000000000220 | 31 02 10 00 20 46 00 02  00 C4 08 40 00 80 18 01 | 1... F.....@....
0000000000000230 | 08 00 10 23 00 01 00 62  04 20 00 40 8C 00 04 00 | ...#...b. .@....
0000000000000240 | 88 11 80 00 00 31 02 10  00 20 46 00 02 00 C4 08 | .....1... F.....
0000000000000250 | 40 00 80 18 01 08 00 10  23 00 01 00 62 04 20 00 | @.......#...b. .
0000000000000260 | 40 8C 00 04 00 88 11 80  00 00 31 02 10 00 20 46 | @.........1... F
0000000000000270 | 00 02 00 C4 08 40 00 80  18 01 08 00 10 23 00 01 | .....@.......#..
0000000000000280 | 00 62 04 20 00 40 8C 00  04 00 88 11 80 00 00 31 | .b. .@.........1
0000000000000290 | 02 10 00 20 46 00 02 00  C4 08 40 00 80 98 7D 7A | ... F.....@...}z
00000000000002A0 | C0 37 8E ED 3D 3D 81 0B  9D DB 6B 7A 02 00 FC 15 | .7..==....kz....
00000000000002B0 | 17 40 00 80 18 01 08 00  10 23 00 01 00 62 04 20 | .@.......#...b. 
00000000000002C0 | 00 40 8C 00 04 00 88 11  80 00 00 31 02 10 00 20 | .@.........1... 
00000000000002D0 | 46 00 02 00 C4 08 40 00  80 18 01 08 00 10 23 00 | F.....@.......#.
00000000000002E0 | 01 00 62 04 20 00 40 8C  00 04 00 88 11 80 00 00 | ..b. .@.........
00000000000002F0 | 31 02 10 00 20 46 00 02  00 C4 08 40 00 80 18 01 | 1... F.....@....
0000000000000300 | 08 00 10 23 00 01 00 62  04 20 00 40 8C 00 04 00 | ...#...b. .@....
0000000000000310 | 88 11 80 00 00 31 02 10  00 20 46 00 02 00 C4 08 | .....1... F.....
0000000000000320 | 40 00 80 18 01 08 00 10  23 00 01 00 62 04 20 00 | @.......#...b. .
0000000000000330 | 40 8C 00 04 00 88 11 80  00 00 31 02 10 00 20 46 | @.........1... F
0000000000000340 | 00 02 00 C4 08 40 00 80  18 01 08 00 10 23 00 01 | .....@.......#..
0000000000000350 | 00 62 04 20 00 40 8C 00  04 00 88 11 80 00 00 31 | .b. .@.........1
0000000000000360 | 02 10 00 20 46 00 02 00  C4 08 40 00 80 18 01 08 | ... F.....@.....
0000000000000370 | 00 10 23 00 01 00 62 04  20 00 40 8C 00 04 00 88 | ..#...b. .@.....
0000000000000380 | 11 80 00 00 31 02 10 00  20 46 00 02 00 C4 08 40 | ....1... F.....@
0000000000000390 | 00 80 18 01 08 00 10 23  00 01 00 62 04 20 00 40 | .......#...b. .@
00000000000003A0 | 8C 00 04 00 88 11 80 00  00 31 02 10 00 20 46 00 | .........1... F.
00000000000003B0 | 02 00 C4 08 40 00 80 18  01 08 00 10 23 00 01 00 | ....@.......#...
00000000000003C0 | 62 F6 E9 01 C0 6F 1D C7  F4 02 AE 74 9E D3 0B 80 | b....o.....t....
00000000000003D0 | 3B 72 01 04 00 88 11 80  00 00 31 02 10 00 20 46 | ;r........1... F
00000000000003E0 | 00 02 00 C4 08 40 00 80  98 5B 7E 01 9F DB 6B 7A | .....@...[~...kz
00000000000003F0 | 02 00 C0 6D B9 00 02 00  C4 08 40 00 80 18 01 08 | ...m......@.....
0000000000000400 | 00 10 23 00 01 00 62 04  20 00 40 8C 00 04 00 88 | ..#...b. .@.....
0000000000000410 | 11 80 00 00 31 02 10 00  20 46 00 02 00 C4 08 40 | ....1... F.....@
0000000000000420 | 00 80 18 01 08 00 10 23  00 01 00 62 04 20 00 40 | .......#...b. .@
0000000000000430 | 8C 00 04 00 88 11 80 00  00 31 02 10 00 20 46 00 | .........1... F.
0000000000000440 | 02 00 C4 08 40 00 80 18  01 08 00 10 23 00 01 00 | ....@.......#...
0000000000000450 | 62 04 20 00 40 8C 00 04  00 88 11 80 00 00 31 02 | b. .@.........1.
0000000000000460 | 10 00 20 46 00 02 00 C4  08 40 00 80 18 01 08 00 | .. F.....@......
0000000000000470 | 10 23 00 01 00 62 04 20  00 40 8C 00 04 00 88 11 | .#...b. .@......
0000000000000480 | 80 00 00 31 02 10 00 20  46 00 02 00 C4 08 40 00 | ...1... F.....@.
0000000000000490 | 80 18 01 08 00 10 23 00  01 00 62 04 20 00 40 8C | ......#...b. .@.
00000000000004A0 | 00 04 00 88 11 80 00 00  31 02 10 00 20 46 00 02 | ........1... F..
00000000000004B0 | 00 C4 08 40 00 80 18 01  08 00 10 23 00 01 00 62 | ...@.......#...b
00000000000004C0 | 04 20 00 40 8C 00 04 00  88 11 80 00 00 31 02 10 | . .@.........1..
00000000000004D0 | 00 20 46 00 02 00 C4 08  40 00 80 18 01 08 00 10 | . F.....@.......
00000000000004E0 | 23 00 01 00 62 04 20 00  40 8C 00 04 00 88 11 80 | #...b. .@.......
00000000000004F0 | 00 00 31 02 10 00 20 46  00 02 00 C4 08 40 00 80 | ..1... F.....@..
0000000000000500 | 18 01 08 00 10 F3 58 6B  AD E9 11 00 00 5C C7 05 | ......Xk.....\..
0000000000000510 | 10 00 20 46 00 02 00 C4  08 40 00 80 18 01 08 00 | .. F.....@......
0000000000000520 | 10 23 00 01 00 62 04 20  00 40 8C 00 04 00 88 11 | .#...b. .@......
0000000000000530 | 80 00 00 31 02 10 00 20  46 00 02 00 C4 08 40 00 | ...1... F.....@.
0000000000000540 | 80 18 01 08 00 10 23 00  01 00 62 04 20 00 40 8C | ......#...b. .@.
0000000000000550 | 00 04 00 88 11 80 00 00  31 02 10 00 20 46 00 02 | ........1... F..
0000000000000560 | 00 C4 08 40 00 80 18 01  08 00 10 23 00 01 00 62 | ...@.......#...b
0000000000000570 | 04 20 00 40 8C 00 04 00  88 11 80 00 00 31 02 10 | . .@.........1..
0000000000000580 | 00 20 46 00 02 00 C4 08  40 00 80 18 01 08 00 10 | . F.....@.......
0000000000000590 | 23 00 01 00 62 04 20 00  40 8C 00 04 00 88 11 80 | #...b. .@.......
00000000000005A0 | 00 00 31 02 10 00 20 46  00 02 00 C4 08 40 00 80 | ..1... F.....@..
00000000000005B0 | 18 01 08 00 10 23 00 01  00 62 04 20 00 40 8C 00 | .....#...b. .@..
00000000000005C0 | 04 00 88 11 80 00 00 31  02 10 00 20 46 00 02 00 | .......1... F...
00000000000005D0 | C4 08 40 00 80 18 01 08  00 10 23 00 01 00 62 04 | ..@.......#...b.
00000000000005E0 | 20 00 40 8C 00 04 00 88  11 80 00 00 31 02 10 00 |  .@.........1...
00000000000005F0 | 20 46 00 02 00 C4 08 40  00 80 18 01 08 00 10 23 |  F.....@.......#
0000000000000600 | 00 01 00 62 04 20 00 40  8C 00 04 00 88 11 80 00 | ...b. .@........
0000000000000610 | 00 31 02 10 00 20 46 00  02 00 C4 08 40 00 80 18 | .1... F.....@...
0000000000000620 | 01 08 00 10 23 00 01 00  62 04 20 00 40 8C 00 04 | ....#...b. .@...
0000000000000630 | 00 88 11 80 00 00 31 02  10 00 20 46 00 02 00 C4 | ......1... F....
0000000000000640 | 08 40 00 80 18 01 08 00  10 23 00 01 00 62 04 20 | .@.......#...b. 
0000000000000650 | 00 40 8C 00 04 00 88 11  80 00 00 31 02 10 00 20 | .@.........1... 
0000000000000660 | 46 00 02 00 C4 08 40 00  80 18 01 08 00 10 23 00 | F.....@.......#.
0000000000000670 | 01 00 62 04 20 00 40 8C  00 04 00 88 11 80 00 00 | ..b. .@.........
0000000000000680 | 31 02 10 00 20 46 00 02  00 C4 08 40 00 80 18 01 | 1... F.....@....
0000000000000690 | 08 00 10 23 00 01 00 62  04 20 00 40 8C 00 04 00 | ...#...b. .@....
00000000000006A0 | 88 11 80 00 00 31 02 10  00 20 46 00 02 00 C4 08 | .....1... F.....
00000000000006B0 | 40 00 80 18 01 08 00 10  23 00 01 00 62 04 20 00 | @.......#...b. .
00000000000006C0 | 40 8C 00 04 00 88 11 80  00 00 31 02 10 00 20 46 | @.........1... F
00000000000006D0 | 00 02 00 C4 08 40 00 80  18 01 08 00 10 23 00 01 | .....@.......#..
00000000000006E0 | 00 62 04 20 00 40 8C 00  04 00 88 11 80 00 00 31 | .b. .@.........1
00000000000006F0 | 02 10 00 20 46 00 02 00  C4 08 40 00 80 18 01 08 | ... F.....@.....
0000000000000700 | 00 10 23 00 01 00 62 04  20 00 40 8C 00 04 00 88 | ..#...b. .@.....
0000000000000710 | 11 80 00 00 31 02 10 00  20 46 00 02 00 C4 08 40 | ....1... F.....@
0000000000000720 | 00 80 18 01 08 00 10 23  00 01 00 62 04 20 00 40 | .......#...b. .@
0000000000000730 | 8C 00 04 00 88 11 80 00  00 31 02 10 00 20 46 00 | .........1... F.
0000000000000740 | 02 00 C4 08 40 00 80 18  01 08 00 10 23 00 01 00 | ....@.......#...
0000000000000750 | 62 04 20 00 40 8C 00 04  00 88 11 80 00 00 31 02 | b. .@.........1.
0000000000000760 | 10 00 20 46 00 02 00 C4  08 40 00 80 18 01 08 00 | .. F.....@......
0000000000000770 | 10 23 00 01 00 62 04 20  00 40 8C 00 04 00 88 11 | .#...b. .@......
0000000000000780 | 80 00 00 31 02 10 00 20  46 00 02 00 C4 08 40 00 | ...1... F.....@.
0000000000000790 | 80 18 01 08 00 10 23 00  01 00 62 04 20 00 40 8C | ......#...b. .@.
00000000000007A0 | 00 04 00 88 11 80 00 00  31 02 10 00 20 46 00 02 | ........1... F..
00000000000007B0 | 00 C4 08 40 00 80 18 01  08 00 10 23 00 01 00 62 | ...@.......#...b
00000000000007C0 | 04 20 00 40 8C 00 04 00  88 11 80 00 00 31 02 10 | . .@.........1..
00000000000007D0 | 00 20 46 00 02 00 C4 08  40 00 80 18 01 08 00 10 | . F.....@.......
00000000000007E0 | 23 00 01 00 62 04 20 00  40 8C 00 04 00 88 11 80 | #...b. .@.......
00000000000007F0 | 00 00 31 02 10 00 20 46  00 02 00 C4 08 40 00 80 | ..1... F.....@..
0000000000000800 | 18 01 08 00 10 23 00 01  00 62 04 20 00 40 8C 00 | .....#...b. .@..
0000000000000810 | 04 00 88 11 80 00 00 31  02 10 00 20 46 00 02 00 | .......1... F...
0000000000000820 | C4 08 40 00 80 18 01 08  00 10 23 00 01 00 62 04 | ..@.......#...b.
0000000000000830 | 20 00 40 8C 00 04 00 88  11 80 00 00 31 02 10 00 |  .@.........1...
0000000000000840 | 20 46 00 02 00 C4 08 40  00 80 18 01 08 00 10 23 |  F.....@.......#
0000000000000850 | 00 01 00 62 04 20 00 40  8C 00 04 00 88 11 80 00 | ...b. .@........
0000000000000860 | 00 31 02 10 00 20 46 00  02 00 C4 08 40 00 80 18 | .1... F.....@...
0000000000000870 | 01 08 00 10 23 00 01 00  62 04 20 00 40 8C 00 04 | ....#...b. .@...
0000000000000880 | 00 88 11 80 00 00 31 02  10 00 20 46 00 02 00 C4 | ......1... F....
0000000000000890 | 08 40 00 80 18 01 08 00  10 23 00 01 00 62 04 20 | .@.......#...b. 
00000000000008A0 | 00 40 8C 00 04 00 88 11  80 00 00 31 02 10 00 20 | .@.........1... 
00000000000008B0 | 46 00 02 00 C4 08 40 00  80 18 01 08 00 10 23 00 | F.....@.......#.
00000000000008C0 | 01 00 62 04 20 00 40 8C  00 04 00 88 11 80 00 00 | ..b. .@.........
00000000000008D0 | 31 02 10 00 20 46 00 02  00 C4 08 40 00 80 18 01 | 1... F.....@....
00000000000008E0 | 08 00 10 23 00 01 00 62  04 20 00 40 8C 00 04 00 | ...#...b. .@....
00000000000008F0 | 88 11 80 00 00 31 02 10  00 20 46 00 02 00 C4 08 | .....1... F.....
0000000000000900 | 40 00 80 18 01 08 00 10  23 00 01 00 62 04 20 00 | @.......#...b. .
0000000000000910 | 40 8C 00 04 00 88 11 80  00 00 31 02 10 00 20 46 | @.........1... F
0000000000000920 | 00 02 00 C4 08 40 00 80  18 01 08 00 10 23 00 01 | .....@.......#..
0000000000000930 | 00 62 04 20 00 40 8C 00  04 00 88 11 80 00 00 31 | .b. .@.........1
0000000000000940 | 02 10 00 20 46 00 02 00  C4 08 40 00 80 18 01 08 | ... F.....@.....
0000000000000950 | 00 10 23 00 01 00 62 04  20 00 40 8C 00 04 00 88 | ..#...b. .@.....
0000000000000960 | 11 80 00 00 31 02 10 00  20 46 00 02 00 C4 08 40 | ....1... F.....@
0000000000000970 | 00 80 18 01 08 00 10 23  00 01 00 62 04 20 00 40 | .......#...b. .@
0000000000000980 | 8C 00 04 00 88 11 80 00  00 31 02 10 00 20 46 00 | .........1... F.
0000000000000990 | 02 00 C4 08 40 00 80 18  01 08 00 10 23 00 01 00 | ....@.......#...
00000000000009A0 | 62 04 20 00 40 8C 00 04  00 88 11 80 00 00 31 02 | b. .@.........1.
00000000000009B0 | 10 00 20 46 00 02 00 C4  08 40 00 80 18 01 08 00 | .. F.....@......
00000000000009C0 | 10 23 00 01 00 62 3E 5D  66 10 EF 76 78 21 8A 00 | .#...b>]f..vx!..
00000000000009D0 | 00 00 00 49 45 4E 44 AE  42 60 82 00 00 03 09 49 | ...IEND.B`.....I
00000000000009E0 | 50 4E 47 89 50 4E 47 0D  0A 1A 0A 00 00 00 0D 49 | PNG.PNG........I
00000000000009F0 | 48 44 52 00 00 00 40 00  00 00 40 08 06 00 00 00 | HDR...@...@.....
0000000000000A00 | AA 69 71 DE 00 00 00 09  70 48 59 73 00 00 0B 12 | .iq.....pHYs....
0000000000000A10 | 00 00 0B 12 01 D2 DD 7E  FC 00 00 00 13 74 45 58 | .......~.....tEX
0000000000000A20 | 74 6F 62 6A 65 63 74 20  74 79 70 65 00 74 65 78 | tobject type.tex
0000000000000A30 | 74 75 72 65 68 09 4E 6A  00 00 00 16 77 61 44 41 | tureh.Nj....waDA
0000000000000A40 | 69 6D 61 67 65 20 70 6F  73 69 74 69 6F 6E 31 20 | image position1 
0000000000000A50 | 78 00 00 00 00 00 87 13  4E 65 00 00 00 16 77 61 | x.......Ne....wa
0000000000000A60 | 44 41 69 6D 61 67 65 20  70 6F 73 69 74 69 6F 6E | DAimage position
0000000000000A70 | 31 20 79 00 00 00 00 00  4C 4F 9D C0 00 00 00 16 | 1 y.....LO......
0000000000000A80 | 77 61 44 41 69 6D 61 67  65 20 70 6F 73 69 74 69 | waDAimage positi
0000000000000A90 | 6F 6E 32 20 78 00 00 00  00 3F BF FA 64 BB 00 00 | on2 x....?..d...
0000000000000AA0 | 00 16 77 61 44 41 69 6D  61 67 65 20 70 6F 73 69 | ..waDAimage posi
0000000000000AB0 | 74 69 6F 6E 32 20 79 00  00 00 00 00 C2 C0 9A 23 | tion2 y........#
0000000000000AC0 | 00 00 00 16 77 61 44 41  69 6D 61 67 65 20 70 6F | ....waDAimage po
0000000000000AD0 | 73 69 74 69 6F 6E 33 20  78 00 00 00 00 3F 73 50 | sition3 x....?sP
0000000000000AE0 | 64 25 00 00 00 16 77 61  44 41 69 6D 61 67 65 20 | d%....waDAimage 
0000000000000AF0 | 70 6F 73 69 74 69 6F 6E  33 20 79 00 00 00 00 3F | position3 y....?
0000000000000B00 | B8 0C B7 80 00 00 00 16  77 61 44 41 69 6D 61 67 | ........waDAimag
0000000000000B10 | 65 20 70 6F 73 69 74 69  6F 6E 34 20 78 00 00 00 | e position4 x...
0000000000000B20 | 00 00 CF F3 40 01 00 00  00 16 77 61 44 41 69 6D | ....@.....waDAim
0000000000000B30 | 61 67 65 20 70 6F 73 69  74 69 6F 6E 34 20 79 00 | age position4 y.
0000000000000B40 | 00 00 00 3F B2 C9 BE 99  00 00 00 10 77 61 44 41 | ...?........waDA
0000000000000B50 | 69 6D 61 67 65 20 61 6C  70 68 61 00 00 00 00 FF | image alpha.....
0000000000000B60 | 86 1C 5A 2D 00 00 00 11  77 61 44 41 69 6D 61 67 | ..Z-....waDAimag
0000000000000B70 | 65 20 68 69 64 64 65 6E  00 00 00 00 00 F9 29 EB | e hidden......).
0000000000000B80 | 1A 00 00 00 19 77 61 44  41 74 65 78 74 75 72 65 | .....waDAtexture
0000000000000B90 | 20 6F 62 6A 65 63 74 20  74 79 70 65 00 63 6F 6C |  object type.col
0000000000000BA0 | 6F 72 A6 92 70 71 00 00  00 13 77 61 44 41 74 65 | or..pq....waDAte
0000000000000BB0 | 78 74 75 72 65 20 63 6F  6C 6F 72 31 00 00 FF FF | xture color1....
0000000000000BC0 | FF 21 40 AE C1 00 00 00  13 77 61 44 41 74 65 78 | .!@......waDAtex
0000000000000BD0 | 74 75 72 65 20 63 6F 6C  6F 72 32 00 00 00 00 00 | ture color2.....
0000000000000BE0 | A7 6A FA 7D 00 00 00 12  77 61 44 41 74 65 78 74 | .j.}....waDAtext
0000000000000BF0 | 75 72 65 20 61 6E 67 6C  65 00 00 00 00 00 B8 88 | ure angle.......
0000000000000C00 | 77 B2 00 00 00 12 77 61  44 41 74 65 78 74 75 72 | w.....waDAtextur
0000000000000C10 | 65 20 6C 65 76 65 6C 00  00 00 00 00 CD A5 47 71 | e level.......Gq
0000000000000C20 | 00 00 00 12 77 61 44 41  74 65 78 74 75 72 65 20 | ....waDAtexture 
0000000000000C30 | 70 61 74 68 6E 61 6D 65  00 40 96 3F 89 D5 00 00 | pathname.@.?....
0000000000000C40 | 00 96 49 44 41 54 78 9C  ED D0 41 11 C0 30 00 C3 | ..IDATx...A..0..
0000000000000C50 | B0 75 FC 39 A7 30 F4 A8  85 C0 E7 B3 6D DF C3 7E | .u.9.0......m..~
0000000000000C60 | 1D A0 35 40 07 68 0D D0  01 5A 03 74 80 D6 00 1D | ..5@.h...Z.t....
0000000000000C70 | A0 35 40 07 68 0D D0 01  5A 03 74 80 D6 00 1D A0 | .5@.h...Z.t.....
0000000000000C80 | 35 40 07 68 0D D0 01 5A  03 74 80 D6 00 1D A0 35 | 5@.h...Z.t.....5
0000000000000C90 | 40 07 68 0D D0 01 5A 03  74 80 D6 00 1D A0 35 40 | @.h...Z.t.....5@
0000000000000CA0 | 07 68 0D D0 01 5A 03 74  80 D6 00 1D A0 35 40 07 | .h...Z.t.....5@.
0000000000000CB0 | 68 0D D0 01 5A 03 74 80  D6 00 1D A0 35 40 07 68 | h...Z.t.....5@.h
0000000000000CC0 | 0D D0 01 5A 03 74 80 D6  00 1D A0 35 40 07 68 0D | ...Z.t.....5@.h.
0000000000000CD0 | D0 01 5A 03 74 80 76 01  55 3A 04 7C 1B CF 26 4D | ..Z.t.v.U:.|..&M
0000000000000CE0 | 00 00 00 00 49 45 4E 44  AE 42 60 82 00 00 06 DA | ....IEND.B`.....
0000000000000CF0 | 49 50 4E 47 89 50 4E 47  0D 0A 1A 0A 00 00 00 0D | IPNG.PNG........
0000000000000D00 | 49 48 44 52 00 00 00 7C  00 00 00 42 08 06 00 00 | IHDR...|...B....
0000000000000D10 | 00 95 6E B2 63 00 00 00  09 70 48 59 73 00 00 0B | ..n.c....pHYs...
0000000000000D20 | 12 00 00 0B 12 01 D2 DD  7E FC 00 00 00 11 74 45 | ........~.....tE
0000000000000D30 | 58 74 6F 62 6A 65 63 74  20 74 79 70 65 00 69 6D | Xtobject type.im
0000000000000D40 | 61 67 65 11 2A 85 AB 00  00 00 15 77 61 44 41 6F | age.*......waDAo
0000000000000D50 | 62 6A 65 63 74 20 73 75  62 74 79 70 65 00 76 65 | bject subtype.ve
0000000000000D60 | 63 74 6F 72 FA F8 BA 8C  00 00 00 16 77 61 44 41 | ctor........waDA
0000000000000D70 | 69 6D 61 67 65 20 70 6F  73 69 74 69 6F 6E 31 20 | image position1 
0000000000000D80 | 78 00 00 00 00 2D C2 CC  12 10 00 00 00 16 77 61 | x....-........wa
0000000000000D90 | 44 41 69 6D 61 67 65 20  70 6F 73 69 74 69 6F 6E | DAimage position
0000000000000DA0 | 31 20 79 00 00 00 00 5C  2E 92 80 1F 00 00 00 16 | 1 y....\........
0000000000000DB0 | 77 61 44 41 69 6D 61 67  65 20 70 6F 73 69 74 69 | waDAimage positi
0000000000000DC0 | 6F 6E 32 20 78 00 00 00  00 A8 D1 91 62 5C 00 00 | on2 x.......b\..
0000000000000DD0 | 00 16 77 61 44 41 69 6D  61 67 65 20 70 6F 73 69 | ..waDAimage posi
0000000000000DE0 | 74 69 6F 6E 32 20 79 00  00 00 00 5C A0 1D 87 FC | tion2 y....\....
0000000000000DF0 | 00 00 00 16 77 61 44 41  69 6D 61 67 65 20 70 6F | ....waDAimage po
0000000000000E00 | 73 69 74 69 6F 6E 33 20  78 00 00 00 00 A8 1D 3B | sition3 x......;
0000000000000E10 | 62 C2 00 00 00 16 77 61  44 41 69 6D 61 67 65 20 | b.....waDAimage 
0000000000000E20 | 70 6F 73 69 74 69 6F 6E  33 20 79 00 00 00 00 9D | position3 y.....
0000000000000E30 | 80 D4 75 44 00 00 00 16  77 61 44 41 69 6D 61 67 | ..uD....waDAimag
0000000000000E40 | 65 20 70 6F 73 69 74 69  6F 6E 34 20 78 00 00 00 | e position4 x...
0000000000000E50 | 00 2D 8A 2C 1C 74 00 00  00 16 77 61 44 41 69 6D | .-.,.t....waDAim
0000000000000E60 | 61 67 65 20 70 6F 73 69  74 69 6F 6E 34 20 79 00 | age position4 y.
0000000000000E70 | 00 00 00 9D 8A 11 7C 5D  00 00 00 10 77 61 44 41 | ......|]....waDA
0000000000000E80 | 69 6D 61 67 65 20 61 6C  70 68 61 00 00 00 00 FF | image alpha.....
0000000000000E90 | 86 1C 5A 2D 00 00 00 11  77 61 44 41 69 6D 61 67 | ..Z-....waDAimag
0000000000000EA0 | 65 20 68 69 64 64 65 6E  00 00 00 00 00 F9 29 EB | e hidden......).
0000000000000EB0 | 1A 00 00 00 12 77 61 44  41 76 65 63 74 6F 72 20 | .....waDAvector 
0000000000000EC0 | 63 6C 6F 73 65 64 00 00  00 00 01 61 F8 56 29 00 | closed.....a.V).
0000000000000ED0 | 00 00 13 77 61 44 41 76  65 63 74 6F 72 20 71 75 | ...waDAvector qu
0000000000000EE0 | 61 6C 69 74 79 00 00 00  00 01 BA B9 6F D6 00 00 | ality.......o...
0000000000000EF0 | 00 18 77 61 44 41 76 65  63 74 6F 72 20 65 6C 65 | ..waDAvector ele
0000000000000F00 | 6D 65 6E 74 20 74 79 70  65 00 00 00 00 04 A1 6D | ment type......m
0000000000000F10 | A0 56 00 00 00 18 77 61  44 41 76 65 63 74 6F 72 | .V....waDAvector
0000000000000F20 | 20 73 74 72 6F 6B 65 20  73 74 79 6C 65 00 00 00 |  stroke style...
0000000000000F30 | 00 00 0C 12 72 FA 00 00  00 16 77 61 44 41 76 65 | ....r.....waDAve
0000000000000F40 | 63 74 6F 72 20 73 74 72  6F 6B 65 20 63 61 70 00 | ctor stroke cap.
0000000000000F50 | 00 00 00 00 E3 8D 8A FE  00 00 00 17 77 61 44 41 | ............waDA
0000000000000F60 | 76 65 63 74 6F 72 20 73  74 72 6F 6B 65 20 6A 6F | vector stroke jo
0000000000000F70 | 69 6E 00 00 00 00 02 1F  7B CF 6E 00 00 00 1F 77 | in......{.n....w
0000000000000F80 | 61 44 41 76 65 63 74 6F  72 20 73 74 61 72 74 20 | aDAvector start 
0000000000000F90 | 73 74 72 6F 6B 65 20 6D  61 72 6B 65 72 00 00 00 | stroke marker...
0000000000000FA0 | 00 00 A8 05 5E 26 00 00  00 1D 77 61 44 41 76 65 | ....^&....waDAve
0000000000000FB0 | 63 74 6F 72 20 65 6E 64  20 73 74 72 6F 6B 65 20 | ctor end stroke 
0000000000000FC0 | 6D 61 72 6B 65 72 00 00  00 00 00 09 EE A9 A5 00 | marker..........
0000000000000FD0 | 00 00 1D 77 61 44 41 76  65 63 74 6F 72 20 73 74 | ...waDAvector st
0000000000000FE0 | 61 72 74 20 6D 61 72 6B  65 72 20 73 69 7A 65 00 | art marker size.
0000000000000FF0 | 00 00 00 04 0F 03 68 70  00 00 00 1B 77 61 44 41 | ......hp....waDA
0000000000001000 | 76 65 63 74 6F 72 20 65  6E 64 20 6D 61 72 6B 65 | vector end marke
0000000000001010 | 72 20 73 69 7A 65 00 00  00 00 04 DE AF 07 11 00 | r size..........
0000000000001020 | 00 00 1C 77 61 44 41 76  65 63 74 6F 72 20 73 74 | ...waDAvector st
0000000000001030 | 72 6F 6B 65 20 77 69 64  74 68 00 3F F0 00 00 00 | roke width.?....
0000000000001040 | 00 00 00 4F C0 D9 82 00  00 00 18 77 61 44 41 76 | ...O.......waDAv
0000000000001050 | 65 63 74 6F 72 20 6D 61  74 72 69 78 20 61 00 3F | ector matrix a.?
0000000000001060 | F0 00 00 00 00 00 00 D6  F7 BB C2 00 00 00 18 77 | ...............w
0000000000001070 | 61 44 41 76 65 63 74 6F  72 20 6D 61 74 72 69 78 | aDAvector matrix
0000000000001080 | 20 62 00 00 00 00 00 00  00 00 00 05 53 7B C9 00 |  b..........S{..
0000000000001090 | 00 00 18 77 61 44 41 76  65 63 74 6F 72 20 6D 61 | ...waDAvector ma
00000000000010A0 | 74 72 69 78 20 63 00 00  00 00 00 00 00 00 00 EA | trix c..........
00000000000010B0 | 91 10 F7 00 00 00 18 77  61 44 41 76 65 63 74 6F | .......waDAvecto
00000000000010C0 | 72 20 6D 61 74 72 69 78  20 64 00 3F F0 00 00 00 | r matrix d.?....
00000000000010D0 | 00 00 00 30 DE 70 86 00  00 00 18 77 61 44 41 76 | ...0.p.....waDAv
00000000000010E0 | 65 63 74 6F 72 20 6D 61  74 72 69 78 20 65 00 00 | ector matrix e..
00000000000010F0 | 00 00 00 00 00 00 00 E7  8F 60 B0 00 00 00 18 77 | .........`.....w
0000000000001100 | 61 44 41 76 65 63 74 6F  72 20 6D 61 74 72 69 78 | aDAvector matrix
0000000000001110 | 20 66 00 00 00 00 00 00  00 00 00 0C B8 DB B3 00 |  f..............
0000000000001120 | 00 00 20 77 61 44 41 76  65 63 74 6F 72 20 6F 72 | .. waDAvector or
0000000000001130 | 69 67 69 6E 61 6C 20 70  6F 73 69 74 69 6F 6E 31 | iginal position1
0000000000001140 | 20 78 00 00 00 00 2D E0  02 96 8E 00 00 00 20 77 |  x....-....... w
0000000000001150 | 61 44 41 76 65 63 74 6F  72 20 6F 72 69 67 69 6E | aDAvector origin
0000000000001160 | 61 6C 20 70 6F 73 69 74  69 6F 6E 31 20 79 00 00 | al position1 y..
0000000000001170 | 00 00 5C 0C 5C 04 81 00  00 00 20 77 61 44 41 76 | ..\.\..... waDAv
0000000000001180 | 65 63 74 6F 72 20 6F 72  69 67 69 6E 61 6C 20 70 | ector original p
0000000000001190 | 6F 73 69 74 69 6F 6E 32  20 78 00 00 00 00 A8 F3 | osition2 x......
00000000000011A0 | 5F E6 C2 00 00 00 20 77  61 44 41 76 65 63 74 6F | _..... waDAvecto
00000000000011B0 | 72 20 6F 72 69 67 69 6E  61 6C 20 70 6F 73 69 74 | r original posit
00000000000011C0 | 69 6F 6E 32 20 79 00 00  00 00 5C 82 D3 03 62 00 | ion2 y....\...b.
00000000000011D0 | 00 00 20 77 61 44 41 76  65 63 74 6F 72 20 6F 72 | .. waDAvector or
00000000000011E0 | 69 67 69 6E 61 6C 20 70  6F 73 69 74 69 6F 6E 33 | iginal position3
00000000000011F0 | 20 78 00 00 00 00 A8 3F  F5 E6 5C 00 00 00 20 77 |  x.....?..\... w
0000000000001200 | 61 44 41 76 65 63 74 6F  72 20 6F 72 69 67 69 6E | aDAvector origin
0000000000001210 | 61 6C 20 70 6F 73 69 74  69 6F 6E 33 20 79 00 00 | al position3 y..
0000000000001220 | 00 00 9D A2 1A F1 DA 00  00 00 20 77 61 44 41 76 | .......... waDAv
0000000000001230 | 65 63 74 6F 72 20 6F 72  69 67 69 6E 61 6C 20 70 | ector original p
0000000000001240 | 6F 73 69 74 69 6F 6E 34  20 78 00 00 00 00 2D A8 | osition4 x....-.
0000000000001250 | E2 98 EA 00 00 00 20 77  61 44 41 76 65 63 74 6F | ...... waDAvecto
0000000000001260 | 72 20 6F 72 69 67 69 6E  61 6C 20 70 6F 73 69 74 | r original posit
0000000000001270 | 69 6F 6E 34 20 79 00 00  00 00 9D A8 DF F8 C3 00 | ion4 y..........
0000000000001280 | 00 00 21 77 61 44 41 76  65 63 74 6F 72 20 65 6E | ..!waDAvector en
0000000000001290 | 61 62 6C 65 20 73 74 72  6F 6B 65 20 74 65 78 74 | able stroke text
00000000000012A0 | 75 72 65 00 00 00 00 01  10 BD 47 43 00 00 00 1F | ure.......GC....
00000000000012B0 | 77 61 44 41 76 65 63 74  6F 72 20 65 6E 61 62 6C | waDAvector enabl
00000000000012C0 | 65 20 66 69 6C 6C 20 74  65 78 74 75 72 65 00 00 | e fill texture..
00000000000012D0 | 00 00 01 94 DD B4 D1 00  00 00 1E 77 61 44 41 76 | ...........waDAv
00000000000012E0 | 65 63 74 6F 72 20 65 66  66 65 63 74 20 6F 62 6A | ector effect obj
00000000000012F0 | 65 63 74 20 74 79 70 65  00 6E 6F 6E 65 78 01 C3 | ect type.nonex..
0000000000001300 | 67 00 00 00 B5 49 44 41  54 78 9C ED D1 41 11 C0 | g....IDATx...A..
0000000000001310 | 20 00 C0 30 C0 12 6A 51  0B 2E B6 47 13 05 BD EB |  ..0..jQ...G....
0000000000001320 | DC F7 DC 41 C6 FA 3B 80  6F 19 1E 63 78 8C E1 31 | ...A..;.o..cx..1
0000000000001330 | 86 C7 18 1E 63 78 8C E1  31 86 C7 18 1E 63 78 8C | ....cx..1....cx.
0000000000001340 | E1 31 86 C7 18 1E 63 78  8C E1 31 86 C7 18 1E 63 | .1....cx..1....c
0000000000001350 | 78 8C E1 31 86 C7 18 1E  63 78 8C E1 31 86 C7 18 | x..1....cx..1...
0000000000001360 | 1E 63 78 8C E1 31 86 C7  18 1E 63 78 8C E1 31 86 | .cx..1....cx..1.
0000000000001370 | C7 18 1E 63 78 8C E1 31  86 C7 18 1E 63 78 8C E1 | ...cx..1....cx..
0000000000001380 | 31 86 C7 18 1E 63 78 8C  E1 31 86 C7 18 1E 63 78 | 1....cx..1....cx
0000000000001390 | 8C E1 31 86 C7 18 1E 63  78 8C E1 31 86 C7 18 1E | ..1....cx..1....
00000000000013A0 | 63 78 8C E1 31 86 C7 18  1E 63 78 8C E1 31 86 C7 | cx..1....cx..1..
00000000000013B0 | 18 1E 63 78 8C E1 31 86  C7 3C F6 9C 03 4E FF C2 | ..cx..1..<...N..
00000000000013C0 | 41 70 00 00 00 00 49 45  4E 44 AE 42 60 82 00 00 | Ap....IEND.B`...
00000000000013D0 | 03 0A 49 50 4E 47 89 50  4E 47 0D 0A 1A 0A 00 00 | ..IPNG.PNG......
00000000000013E0 | 00 0D 49 48 44 52 00 00  00 40 00 00 00 40 08 06 | ..IHDR...@...@..
00000000000013F0 | 00 00 00 AA 69 71 DE 00  00 00 09 70 48 59 73 00 | ....iq.....pHYs.
0000000000001400 | 00 0B 12 00 00 0B 12 01  D2 DD 7E FC 00 00 00 13 | ..........~.....
0000000000001410 | 74 45 58 74 6F 62 6A 65  63 74 20 74 79 70 65 00 | tEXtobject type.
0000000000001420 | 74 65 78 74 75 72 65 68  09 4E 6A 00 00 00 16 77 | textureh.Nj....w
0000000000001430 | 61 44 41 69 6D 61 67 65  20 70 6F 73 69 74 69 6F | aDAimage positio
0000000000001440 | 6E 31 20 78 00 00 00 00  00 87 13 4E 65 00 00 00 | n1 x.......Ne...
0000000000001450 | 16 77 61 44 41 69 6D 61  67 65 20 70 6F 73 69 74 | .waDAimage posit
0000000000001460 | 69 6F 6E 31 20 79 00 00  00 00 00 4C 4F 9D C0 00 | ion1 y.....LO...
0000000000001470 | 00 00 16 77 61 44 41 69  6D 61 67 65 20 70 6F 73 | ...waDAimage pos
0000000000001480 | 69 74 69 6F 6E 32 20 78  00 00 00 00 3F BF FA 64 | ition2 x....?..d
0000000000001490 | BB 00 00 00 16 77 61 44  41 69 6D 61 67 65 20 70 | .....waDAimage p
00000000000014A0 | 6F 73 69 74 69 6F 6E 32  20 79 00 00 00 00 00 C2 | osition2 y......
00000000000014B0 | C0 9A 23 00 00 00 16 77  61 44 41 69 6D 61 67 65 | ..#....waDAimage
00000000000014C0 | 20 70 6F 73 69 74 69 6F  6E 33 20 78 00 00 00 00 |  position3 x....
00000000000014D0 | 3F 73 50 64 25 00 00 00  16 77 61 44 41 69 6D 61 | ?sPd%....waDAima
00000000000014E0 | 67 65 20 70 6F 73 69 74  69 6F 6E 33 20 79 00 00 | ge position3 y..
00000000000014F0 | 00 00 3F B8 0C B7 80 00  00 00 16 77 61 44 41 69 | ..?........waDAi
0000000000001500 | 6D 61 67 65 20 70 6F 73  69 74 69 6F 6E 34 20 78 | mage position4 x
0000000000001510 | 00 00 00 00 00 CF F3 40  01 00 00 00 16 77 61 44 | .......@.....waD
0000000000001520 | 41 69 6D 61 67 65 20 70  6F 73 69 74 69 6F 6E 34 | Aimage position4
0000000000001530 | 20 79 00 00 00 00 3F B2  C9 BE 99 00 00 00 10 77 |  y....?........w
0000000000001540 | 61 44 41 69 6D 61 67 65  20 61 6C 70 68 61 00 00 | aDAimage alpha..
0000000000001550 | 00 00 FF 86 1C 5A 2D 00  00 00 11 77 61 44 41 69 | .....Z-....waDAi
0000000000001560 | 6D 61 67 65 20 68 69 64  64 65 6E 00 00 00 00 00 | mage hidden.....
0000000000001570 | F9 29 EB 1A 00 00 00 19  77 61 44 41 74 65 78 74 | .)......waDAtext
0000000000001580 | 75 72 65 20 6F 62 6A 65  63 74 20 74 79 70 65 00 | ure object type.
0000000000001590 | 63 6F 6C 6F 72 A6 92 70  71 00 00 00 13 77 61 44 | color..pq....waD
00000000000015A0 | 41 74 65 78 74 75 72 65  20 63 6F 6C 6F 72 31 00 | Atexture color1.
00000000000015B0 | 00 99 FF 33 FF C8 97 C8  00 00 00 13 77 61 44 41 | ...3........waDA
00000000000015C0 | 74 65 78 74 75 72 65 20  63 6F 6C 6F 72 32 00 00 | texture color2..
00000000000015D0 | 00 00 00 A7 6A FA 7D 00  00 00 12 77 61 44 41 74 | ....j.}....waDAt
00000000000015E0 | 65 78 74 75 72 65 20 61  6E 67 6C 65 00 00 00 00 | exture angle....
00000000000015F0 | 00 B8 88 77 B2 00 00 00  12 77 61 44 41 74 65 78 | ...w.....waDAtex
0000000000001600 | 74 75 72 65 20 6C 65 76  65 6C 00 00 00 00 00 CD | ture level......
0000000000001610 | A5 47 71 00 00 00 12 77  61 44 41 74 65 78 74 75 | .Gq....waDAtextu
0000000000001620 | 72 65 20 70 61 74 68 6E  61 6D 65 00 40 96 3F 89 | re pathname.@.?.
0000000000001630 | D5 00 00 00 97 49 44 41  54 78 9C ED D0 51 15 00 | .....IDATx...Q..
0000000000001640 | 10 00 C0 40 54 92 56 5A  62 DC 87 5D 82 BD CD 7D | ...@T.VZb..]...}
0000000000001650 | CF 1D 1F 5B 3A 40 6B 80  0E D0 1A A0 03 B4 06 E8 | ...[:@k.........
0000000000001660 | 00 AD 01 3A 40 6B 80 0E  D0 1A A0 03 B4 06 E8 00 | ...:@k..........
0000000000001670 | AD 01 3A 40 6B 80 0E D0  1A A0 03 B4 06 E8 00 AD | ..:@k...........
0000000000001680 | 01 3A 40 6B 80 0E D0 1A  A0 03 B4 06 E8 00 AD 01 | .:@k............
0000000000001690 | 3A 40 6B 80 0E D0 1A A0  03 B4 06 E8 00 AD 01 3A | :@k............:
00000000000016A0 | 40 6B 80 0E D0 1A A0 03  B4 06 E8 00 AD 01 3A 40 | @k............:@
00000000000016B0 | 6B 80 0E D0 1A A0 03 B4  06 E8 00 AD 01 3A 40 6B | k............:@k
00000000000016C0 | 80 0E D0 1A A0 03 B4 06  E8 00 ED 01 86 35 03 4A | .............5.J
00000000000016D0 | 85 3C 86 83 00 00 00 00  49 45 4E 44 AE 42 60 82 | .<......IEND.B`.
00000000000016E0 | 00 00 00 A8 49 50 4E 47  89 50 4E 47 0D 0A 1A 0A | ....IPNG.PNG....
00000000000016F0 | 00 00 00 0D 49 48 44 52  00 00 00 4C 00 00 00 01 | ....IHDR...L....
0000000000001700 | 08 06 00 00 00 74 51 48  99 00 00 00 09 70 48 59 | .....tQH.....pHY
0000000000001710 | 73 00 00 0B 12 00 00 0B  12 01 D2 DD 7E FC 00 00 | s...........~...
0000000000001720 | 00 12 74 45 58 74 6F 62  6A 65 63 74 20 74 79 70 | ..tEXtobject typ
0000000000001730 | 65 00 76 65 63 74 6F 72  A1 6A 69 DF 00 00 00 3C | e.vector.ji....<
0000000000001740 | 49 44 41 54 78 9C 63 60  60 60 65 60 60 60 64 00 | IDATx.c```e```d.
0000000000001750 | 01 B7 06 06 07 10 1D CE  00 A1 89 03 4C 0C BF 16 | ............L...
0000000000001760 | CE F9 9F 2A FF 9F 22 BD  20 3A 79 FF 7F 92 F4 82 | ...*..". :y.....
0000000000001770 | 00 C8 CD A4 EB 65 26 5E  29 1A 00 00 99 83 18 6A | .....e&^)......j
0000000000001780 | 66 F5 64 38 00 00 00 00  49 45 4E 44 AE 42 60 82 | f.d8....IEND.B`.
0000000000001790 | 00 00 03 1B 49 50 4E 47  89 50 4E 47 0D 0A 1A 0A | ....IPNG.PNG....
00000000000017A0 | 00 00 00 0D 49 48 44 52  00 00 00 40 00 00 00 40 | ....IHDR...@...@
00000000000017B0 | 08 06 00 00 00 AA 69 71  DE 00 00 00 09 70 48 59 | ......iq.....pHY
00000000000017C0 | 73 00 00 0B 12 00 00 0B  12 01 D2 DD 7E FC 00 00 | s...........~...
00000000000017D0 | 00 13 74 45 58 74 6F 62  6A 65 63 74 20 74 79 70 | ..tEXtobject typ
00000000000017E0 | 65 00 74 65 78 74 75 72  65 68 09 4E 6A 00 00 00 | e.textureh.Nj...
00000000000017F0 | 16 77 61 44 41 69 6D 61  67 65 20 70 6F 73 69 74 | .waDAimage posit
0000000000001800 | 69 6F 6E 31 20 78 00 00  00 00 00 87 13 4E 65 00 | ion1 x.......Ne.
0000000000001810 | 00 00 16 77 61 44 41 69  6D 61 67 65 20 70 6F 73 | ...waDAimage pos
0000000000001820 | 69 74 69 6F 6E 31 20 79  00 00 00 00 00 4C 4F 9D | ition1 y.....LO.
0000000000001830 | C0 00 00 00 16 77 61 44  41 69 6D 61 67 65 20 70 | .....waDAimage p
0000000000001840 | 6F 73 69 74 69 6F 6E 32  20 78 00 00 00 00 3F BF | osition2 x....?.
0000000000001850 | FA 64 BB 00 00 00 16 77  61 44 41 69 6D 61 67 65 | .d.....waDAimage
0000000000001860 | 20 70 6F 73 69 74 69 6F  6E 32 20 79 00 00 00 00 |  position2 y....
0000000000001870 | 00 C2 C0 9A 23 00 00 00  16 77 61 44 41 69 6D 61 | ....#....waDAima
0000000000001880 | 67 65 20 70 6F 73 69 74  69 6F 6E 33 20 78 00 00 | ge position3 x..
0000000000001890 | 00 00 3F 73 50 64 25 00  00 00 16 77 61 44 41 69 | ..?sPd%....waDAi
00000000000018A0 | 6D 61 67 65 20 70 6F 73  69 74 69 6F 6E 33 20 79 | mage position3 y
00000000000018B0 | 00 00 00 00 3F B8 0C B7  80 00 00 00 16 77 61 44 | ....?........waD
00000000000018C0 | 41 69 6D 61 67 65 20 70  6F 73 69 74 69 6F 6E 34 | Aimage position4
00000000000018D0 | 20 78 00 00 00 00 00 CF  F3 40 01 00 00 00 16 77 |  x.......@.....w
00000000000018E0 | 61 44 41 69 6D 61 67 65  20 70 6F 73 69 74 69 6F | aDAimage positio
00000000000018F0 | 6E 34 20 79 00 00 00 00  3F B2 C9 BE 99 00 00 00 | n4 y....?.......
0000000000001900 | 10 77 61 44 41 69 6D 61  67 65 20 61 6C 70 68 61 | .waDAimage alpha
0000000000001910 | 00 00 00 00 FF 86 1C 5A  2D 00 00 00 11 77 61 44 | .......Z-....waD
0000000000001920 | 41 69 6D 61 67 65 20 68  69 64 64 65 6E 00 00 00 | Aimage hidden...
0000000000001930 | 00 00 F9 29 EB 1A 00 00  00 19 77 61 44 41 74 65 | ...)......waDAte
0000000000001940 | 78 74 75 72 65 20 6F 62  6A 65 63 74 20 74 79 70 | xture object typ
0000000000001950 | 65 00 63 6F 6C 6F 72 A6  92 70 71 00 00 00 13 77 | e.color..pq....w
0000000000001960 | 61 44 41 74 65 78 74 75  72 65 20 63 6F 6C 6F 72 | aDAtexture color
0000000000001970 | 31 00 00 00 00 00 21 FE  88 D3 00 00 00 13 77 61 | 1.....!.......wa
0000000000001980 | 44 41 74 65 78 74 75 72  65 20 63 6F 6C 6F 72 32 | DAtexture color2
0000000000001990 | 00 00 00 00 00 A7 6A FA  7D 00 00 00 12 77 61 44 | ......j.}....waD
00000000000019A0 | 41 74 65 78 74 75 72 65  20 61 6E 67 6C 65 00 00 | Atexture angle..
00000000000019B0 | 00 00 00 B8 88 77 B2 00  00 00 12 77 61 44 41 74 | .....w.....waDAt
00000000000019C0 | 65 78 74 75 72 65 20 6C  65 76 65 6C 00 00 00 00 | exture level....
00000000000019D0 | 00 CD A5 47 71 00 00 00  12 77 61 44 41 74 65 78 | ...Gq....waDAtex
00000000000019E0 | 74 75 72 65 20 70 61 74  68 6E 61 6D 65 00 40 96 | ture pathname.@.
00000000000019F0 | 3F 89 D5 00 00 00 A8 49  44 41 54 78 9C E5 CE 21 | ?......IDATx...!
0000000000001A00 | 01 00 00 0C 04 A1 EB 5F  FA 17 03 31 81 A7 6A CF | ......._...1..j.
0000000000001A10 | F1 80 C6 03 1A 0F 68 3C  A0 F1 80 C6 03 1A 0F 68 | ......h<.......h
0000000000001A20 | 3C A0 F1 80 C6 03 1A 0F  68 3C A0 F1 80 C6 03 1A | <.......h<......
0000000000001A30 | 0F 68 3C A0 F1 80 C6 03  1A 0F 68 3C A0 F1 80 C6 | .h<.......h<....
0000000000001A40 | 03 1A 0F 68 3C A0 F1 80  C6 03 1A 0F 68 3C A0 F1 | ...h<.......h<..
0000000000001A50 | 80 C6 03 1A 0F 68 3C A0  F1 80 C6 03 1A 0F 68 3C | .....h<.......h<
0000000000001A60 | A0 F1 80 C6 03 1A 0F 68  3C A0 F1 80 C6 03 1A 0F | .......h<.......
0000000000001A70 | 68 3C A0 F1 80 C6 03 1A  0F 68 3C A0 F1 80 C6 03 | h<.......h<.....
0000000000001A80 | 1A 0F 68 3C A0 F1 80 C6  03 1A 0F 68 3C A0 F1 80 | ..h<.......h<...
0000000000001A90 | C6 03 1A 0F 68 3C A0 F1  80 C6 03 1A 0F 50 07 58 | ....h<.......P.X
0000000000001AA0 | 7C F0 E2 A5 3E 36 48 00  00 00 00 49 45 4E 44 AE | |...>6H....IEND.
0000000000001AB0 | 42 60 82 00 00 06 D9 49  50 4E 47 89 50 4E 47 0D | B`.....IPNG.PNG.
0000000000001AC0 | 0A 1A 0A 00 00 00 0D 49  48 44 52 00 00 00 7C 00 | .......IHDR...|.
0000000000001AD0 | 00 00 42 08 06 00 00 00  95 6E B2 63 00 00 00 09 | ..B......n.c....
0000000000001AE0 | 70 48 59 73 00 00 0B 12  00 00 0B 12 01 D2 DD 7E | pHYs...........~
0000000000001AF0 | FC 00 00 00 11 74 45 58  74 6F 62 6A 65 63 74 20 | .....tEXtobject 
0000000000001B00 | 74 79 70 65 00 69 6D 61  67 65 11 2A 85 AB 00 00 | type.image.*....
0000000000001B10 | 00 15 77 61 44 41 6F 62  6A 65 63 74 20 73 75 62 | ..waDAobject sub
0000000000001B20 | 74 79 70 65 00 76 65 63  74 6F 72 FA F8 BA 8C 00 | type.vector.....
0000000000001B30 | 00 00 16 77 61 44 41 69  6D 61 67 65 20 70 6F 73 | ...waDAimage pos
0000000000001B40 | 69 74 69 6F 6E 31 20 78  00 00 00 00 F5 4A C4 48 | ition1 x.....J.H
0000000000001B50 | F6 00 00 00 16 77 61 44  41 69 6D 61 67 65 20 70 | .....waDAimage p
0000000000001B60 | 6F 73 69 74 69 6F 6E 31  20 79 00 00 00 00 98 B2 | osition1 y......
0000000000001B70 | 9B 86 B6 00 00 00 16 77  61 44 41 69 6D 61 67 65 | .......waDAimage
0000000000001B80 | 20 70 6F 73 69 74 69 6F  6E 32 20 78 00 00 00 01 |  position2 x....
0000000000001B90 | 70 40 82 09 FB 00 00 00  16 77 61 44 41 69 6D 61 | p@.......waDAima
0000000000001BA0 | 67 65 20 70 6F 73 69 74  69 6F 6E 32 20 79 00 00 | ge position2 y..
0000000000001BB0 | 00 00 98 3C 14 81 55 00  00 00 16 77 61 44 41 69 | ...<..U....waDAi
0000000000001BC0 | 6D 61 67 65 20 70 6F 73  69 74 69 6F 6E 33 20 78 | mage position3 x
0000000000001BD0 | 00 00 00 01 70 8C 28 09  65 00 00 00 16 77 61 44 | ....p.(.e....waD
0000000000001BE0 | 41 69 6D 61 67 65 20 70  6F 73 69 74 69 6F 6E 33 | Aimage position3
0000000000001BF0 | 20 79 00 00 00 00 D9 F1  65 F0 CD 00 00 00 16 77 |  y......e......w
0000000000001C00 | 61 44 41 69 6D 61 67 65  20 70 6F 73 69 74 69 6F | aDAimage positio
0000000000001C10 | 6E 34 20 78 00 00 00 00  F5 02 24 46 92 00 00 00 | n4 x......$F....
0000000000001C20 | 16 77 61 44 41 69 6D 61  67 65 20 70 6F 73 69 74 | .waDAimage posit
0000000000001C30 | 69 6F 6E 34 20 79 00 00  00 00 D9 FB A0 F9 D4 00 | ion4 y..........
0000000000001C40 | 00 00 10 77 61 44 41 69  6D 61 67 65 20 61 6C 70 | ...waDAimage alp
0000000000001C50 | 68 61 00 00 00 00 FF 86  1C 5A 2D 00 00 00 11 77 | ha.......Z-....w
0000000000001C60 | 61 44 41 69 6D 61 67 65  20 68 69 64 64 65 6E 00 | aDAimage hidden.
0000000000001C70 | 00 00 00 00 F9 29 EB 1A  00 00 00 12 77 61 44 41 | .....)......waDA
0000000000001C80 | 76 65 63 74 6F 72 20 63  6C 6F 73 65 64 00 00 00 | vector closed...
0000000000001C90 | 00 01 61 F8 56 29 00 00  00 13 77 61 44 41 76 65 | ..a.V)....waDAve
0000000000001CA0 | 63 74 6F 72 20 71 75 61  6C 69 74 79 00 00 00 00 | ctor quality....
0000000000001CB0 | 01 BA B9 6F D6 00 00 00  18 77 61 44 41 76 65 63 | ...o.....waDAvec
0000000000001CC0 | 74 6F 72 20 65 6C 65 6D  65 6E 74 20 74 79 70 65 | tor element type
0000000000001CD0 | 00 00 00 00 04 A1 6D A0  56 00 00 00 18 77 61 44 | ......m.V....waD
0000000000001CE0 | 41 76 65 63 74 6F 72 20  73 74 72 6F 6B 65 20 73 | Avector stroke s
0000000000001CF0 | 74 79 6C 65 00 00 00 00  00 0C 12 72 FA 00 00 00 | tyle.......r....
0000000000001D00 | 16 77 61 44 41 76 65 63  74 6F 72 20 73 74 72 6F | .waDAvector stro
0000000000001D10 | 6B 65 20 63 61 70 00 00  00 00 00 E3 8D 8A FE 00 | ke cap..........
0000000000001D20 | 00 00 17 77 61 44 41 76  65 63 74 6F 72 20 73 74 | ...waDAvector st
0000000000001D30 | 72 6F 6B 65 20 6A 6F 69  6E 00 00 00 00 02 1F 7B | roke join......{
0000000000001D40 | CF 6E 00 00 00 1F 77 61  44 41 76 65 63 74 6F 72 | .n....waDAvector
0000000000001D50 | 20 73 74 61 72 74 20 73  74 72 6F 6B 65 20 6D 61 |  start stroke ma
0000000000001D60 | 72 6B 65 72 00 00 00 00  00 A8 05 5E 26 00 00 00 | rker.......^&...
0000000000001D70 | 1D 77 61 44 41 76 65 63  74 6F 72 20 65 6E 64 20 | .waDAvector end 
0000000000001D80 | 73 74 72 6F 6B 65 20 6D  61 72 6B 65 72 00 00 00 | stroke marker...
0000000000001D90 | 00 00 09 EE A9 A5 00 00  00 1D 77 61 44 41 76 65 | ..........waDAve
0000000000001DA0 | 63 74 6F 72 20 73 74 61  72 74 20 6D 61 72 6B 65 | ctor start marke
0000000000001DB0 | 72 20 73 69 7A 65 00 00  00 00 04 0F 03 68 70 00 | r size.......hp.
0000000000001DC0 | 00 00 1B 77 61 44 41 76  65 63 74 6F 72 20 65 6E | ...waDAvector en
0000000000001DD0 | 64 20 6D 61 72 6B 65 72  20 73 69 7A 65 00 00 00 | d marker size...
0000000000001DE0 | 00 04 DE AF 07 11 00 00  00 1C 77 61 44 41 76 65 | ..........waDAve
0000000000001DF0 | 63 74 6F 72 20 73 74 72  6F 6B 65 20 77 69 64 74 | ctor stroke widt
0000000000001E00 | 68 00 3F F0 00 00 00 00  00 00 4F C0 D9 82 00 00 | h.?.......O.....
0000000000001E10 | 00 18 77 61 44 41 76 65  63 74 6F 72 20 6D 61 74 | ..waDAvector mat
0000000000001E20 | 72 69 78 20 61 00 3F F0  00 00 00 00 00 00 D6 F7 | rix a.?.........
0000000000001E30 | BB C2 00 00 00 18 77 61  44 41 76 65 63 74 6F 72 | ......waDAvector
0000000000001E40 | 20 6D 61 74 72 69 78 20  62 00 00 00 00 00 00 00 |  matrix b.......
0000000000001E50 | 00 00 05 53 7B C9 00 00  00 18 77 61 44 41 76 65 | ...S{.....waDAve
0000000000001E60 | 63 74 6F 72 20 6D 61 74  72 69 78 20 63 00 00 00 | ctor matrix c...
0000000000001E70 | 00 00 00 00 00 00 EA 91  10 F7 00 00 00 18 77 61 | ..............wa
0000000000001E80 | 44 41 76 65 63 74 6F 72  20 6D 61 74 72 69 78 20 | DAvector matrix 
0000000000001E90 | 64 00 3F F0 00 00 00 00  00 00 30 DE 70 86 00 00 | d.?.......0.p...
0000000000001EA0 | 00 18 77 61 44 41 76 65  63 74 6F 72 20 6D 61 74 | ..waDAvector mat
0000000000001EB0 | 72 69 78 20 65 00 40 69  00 00 00 00 00 00 D0 3C | rix e.@i.......<
0000000000001EC0 | AB 6B 00 00 00 18 77 61  44 41 76 65 63 74 6F 72 | .k....waDAvector
0000000000001ED0 | 20 6D 61 74 72 69 78 20  66 00 40 4E 00 00 00 00 |  matrix f.@N....
0000000000001EE0 | 00 00 31 11 17 7A 00 00  00 20 77 61 44 41 76 65 | ..1..z... waDAve
0000000000001EF0 | 63 74 6F 72 20 6F 72 69  67 69 6E 61 6C 20 70 6F | ctor original po
0000000000001F00 | 73 69 74 69 6F 6E 31 20  78 00 00 00 00 2D E0 02 | sition1 x....-..
0000000000001F10 | 96 8E 00 00 00 20 77 61  44 41 76 65 63 74 6F 72 | ..... waDAvector
0000000000001F20 | 20 6F 72 69 67 69 6E 61  6C 20 70 6F 73 69 74 69 |  original positi
0000000000001F30 | 6F 6E 31 20 79 00 00 00  00 5C 0C 5C 04 81 00 00 | on1 y....\.\....
0000000000001F40 | 00 20 77 61 44 41 76 65  63 74 6F 72 20 6F 72 69 | . waDAvector ori
0000000000001F50 | 67 69 6E 61 6C 20 70 6F  73 69 74 69 6F 6E 32 20 | ginal position2 
0000000000001F60 | 78 00 00 00 00 A8 F3 5F  E6 C2 00 00 00 20 77 61 | x......_..... wa
0000000000001F70 | 44 41 76 65 63 74 6F 72  20 6F 72 69 67 69 6E 61 | DAvector origina
0000000000001F80 | 6C 20 70 6F 73 69 74 69  6F 6E 32 20 79 00 00 00 | l position2 y...
0000000000001F90 | 00 5C 82 D3 03 62 00 00  00 20 77 61 44 41 76 65 | .\...b... waDAve
0000000000001FA0 | 63 74 6F 72 20 6F 72 69  67 69 6E 61 6C 20 70 6F | ctor original po
0000000000001FB0 | 73 69 74 69 6F 6E 33 20  78 00 00 00 00 A8 3F F5 | sition3 x.....?.
0000000000001FC0 | E6 5C 00 00 00 20 77 61  44 41 76 65 63 74 6F 72 | .\... waDAvector
0000000000001FD0 | 20 6F 72 69 67 69 6E 61  6C 20 70 6F 73 69 74 69 |  original positi
0000000000001FE0 | 6F 6E 33 20 79 00 00 00  00 9D A2 1A F1 DA 00 00 | on3 y...........
0000000000001FF0 | 00 20 77 61 44 41 76 65  63 74 6F 72 20 6F 72 69 | . waDAvector ori
0000000000002000 | 67 69 6E 61 6C 20 70 6F  73 69 74 69 6F 6E 34 20 | ginal position4 
0000000000002010 | 78 00 00 00 00 2D A8 E2  98 EA 00 00 00 20 77 61 | x....-....... wa
0000000000002020 | 44 41 76 65 63 74 6F 72  20 6F 72 69 67 69 6E 61 | DAvector origina
0000000000002030 | 6C 20 70 6F 73 69 74 69  6F 6E 34 20 79 00 00 00 | l position4 y...
0000000000002040 | 00 9D A8 DF F8 C3 00 00  00 21 77 61 44 41 76 65 | .........!waDAve
0000000000002050 | 63 74 6F 72 20 65 6E 61  62 6C 65 20 73 74 72 6F | ctor enable stro
0000000000002060 | 6B 65 20 74 65 78 74 75  72 65 00 00 00 00 01 10 | ke texture......
0000000000002070 | BD 47 43 00 00 00 1F 77  61 44 41 76 65 63 74 6F | .GC....waDAvecto
0000000000002080 | 72 20 65 6E 61 62 6C 65  20 66 69 6C 6C 20 74 65 | r enable fill te
0000000000002090 | 78 74 75 72 65 00 00 00  00 01 94 DD B4 D1 00 00 | xture...........
00000000000020A0 | 00 1E 77 61 44 41 76 65  63 74 6F 72 20 65 66 66 | ..waDAvector eff
00000000000020B0 | 65 63 74 20 6F 62 6A 65  63 74 20 74 79 70 65 00 | ect object type.
00000000000020C0 | 6E 6F 6E 65 78 01 C3 67  00 00 00 B4 49 44 41 54 | nonex..g....IDAT
00000000000020D0 | 78 9C ED D1 31 0D 00 20  00 C0 30 C0 12 FE B5 81 | x...1.. ..0.....
00000000000020E0 | 0B 38 D6 2A 58 B2 B9 F7  39 83 8C F5 3B 80 B7 0C | .8.*X...9...;...
00000000000020F0 | 8F 31 3C C6 F0 18 C3 63  0C 8F 31 3C C6 F0 18 C3 | .1<....c..1<....
0000000000002100 | 63 0C 8F 31 3C C6 F0 18  C3 63 0C 8F 31 3C C6 F0 | c..1<....c..1<..
0000000000002110 | 18 C3 63 0C 8F 31 3C C6  F0 18 C3 63 0C 8F 31 3C | ..c..1<....c..1<
0000000000002120 | C6 F0 18 C3 63 0C 8F 31  3C C6 F0 18 C3 63 0C 8F | ....c..1<....c..
0000000000002130 | 31 3C C6 F0 18 C3 63 0C  8F 31 3C C6 F0 18 C3 63 | 1<....c..1<....c
0000000000002140 | 0C 8F 31 3C C6 F0 18 C3  63 0C 8F 31 3C C6 F0 18 | ..1<....c..1<...
0000000000002150 | C3 63 0C 8F 31 3C C6 F0  18 C3 63 0C 8F 31 3C C6 | .c..1<....c..1<.
0000000000002160 | F0 18 C3 63 0C 8F 31 3C  C6 F0 18 C3 63 0C 8F 31 | ...c..1<....c..1
0000000000002170 | 3C C6 F0 18 C3 63 0C 8F  31 3C C6 F0 18 C3 63 2E | <....c..1<....c.
0000000000002180 | E6 79 02 E8 B9 17 28 F7  00 00 00 00 49 45 4E 44 | .y....(.....IEND
0000000000002190 | AE 42 60 82 00 00 03 0A  49 50 4E 47 89 50 4E 47 | .B`.....IPNG.PNG
00000000000021A0 | 0D 0A 1A 0A 00 00 00 0D  49 48 44 52 00 00 00 40 | ........IHDR...@
00000000000021B0 | 00 00 00 40 08 06 00 00  00 AA 69 71 DE 00 00 00 | ...@......iq....
00000000000021C0 | 09 70 48 59 73 00 00 0B  12 00 00 0B 12 01 D2 DD | .pHYs...........
00000000000021D0 | 7E FC 00 00 00 13 74 45  58 74 6F 62 6A 65 63 74 | ~.....tEXtobject
00000000000021E0 | 20 74 79 70 65 00 74 65  78 74 75 72 65 68 09 4E |  type.textureh.N
00000000000021F0 | 6A 00 00 00 16 77 61 44  41 69 6D 61 67 65 20 70 | j....waDAimage p
0000000000002200 | 6F 73 69 74 69 6F 6E 31  20 78 00 00 00 00 00 87 | osition1 x......
0000000000002210 | 13 4E 65 00 00 00 16 77  61 44 41 69 6D 61 67 65 | .Ne....waDAimage
0000000000002220 | 20 70 6F 73 69 74 69 6F  6E 31 20 79 00 00 00 00 |  position1 y....
0000000000002230 | 00 4C 4F 9D C0 00 00 00  16 77 61 44 41 69 6D 61 | .LO......waDAima
0000000000002240 | 67 65 20 70 6F 73 69 74  69 6F 6E 32 20 78 00 00 | ge position2 x..
0000000000002250 | 00 00 3F BF FA 64 BB 00  00 00 16 77 61 44 41 69 | ..?..d.....waDAi
0000000000002260 | 6D 61 67 65 20 70 6F 73  69 74 69 6F 6E 32 20 79 | mage position2 y
0000000000002270 | 00 00 00 00 00 C2 C0 9A  23 00 00 00 16 77 61 44 | ........#....waD
0000000000002280 | 41 69 6D 61 67 65 20 70  6F 73 69 74 69 6F 6E 33 | Aimage position3
0000000000002290 | 20 78 00 00 00 00 3F 73  50 64 25 00 00 00 16 77 |  x....?sPd%....w
00000000000022A0 | 61 44 41 69 6D 61 67 65  20 70 6F 73 69 74 69 6F | aDAimage positio
00000000000022B0 | 6E 33 20 79 00 00 00 00  3F B8 0C B7 80 00 00 00 | n3 y....?.......
00000000000022C0 | 16 77 61 44 41 69 6D 61  67 65 20 70 6F 73 69 74 | .waDAimage posit
00000000000022D0 | 69 6F 6E 34 20 78 00 00  00 00 00 CF F3 40 01 00 | ion4 x.......@..
00000000000022E0 | 00 00 16 77 61 44 41 69  6D 61 67 65 20 70 6F 73 | ...waDAimage pos
00000000000022F0 | 69 74 69 6F 6E 34 20 79  00 00 00 00 3F B2 C9 BE | ition4 y....?...
0000000000002300 | 99 00 00 00 10 77 61 44  41 69 6D 61 67 65 20 61 | .....waDAimage a
0000000000002310 | 6C 70 68 61 00 00 00 00  FF 86 1C 5A 2D 00 00 00 | lpha.......Z-...
0000000000002320 | 11 77 61 44 41 69 6D 61  67 65 20 68 69 64 64 65 | .waDAimage hidde
0000000000002330 | 6E 00 00 00 00 00 F9 29  EB 1A 00 00 00 19 77 61 | n......)......wa
0000000000002340 | 44 41 74 65 78 74 75 72  65 20 6F 62 6A 65 63 74 | DAtexture object
0000000000002350 | 20 74 79 70 65 00 63 6F  6C 6F 72 A6 92 70 71 00 |  type.color..pq.
0000000000002360 | 00 00 13 77 61 44 41 74  65 78 74 75 72 65 20 63 | ...waDAtexture c
0000000000002370 | 6F 6C 6F 72 31 00 00 FF  33 33 D4 DD B8 18 00 00 | olor1...33......
0000000000002380 | 00 13 77 61 44 41 74 65  78 74 75 72 65 20 63 6F | ..waDAtexture co
0000000000002390 | 6C 6F 72 32 00 00 00 00  00 A7 6A FA 7D 00 00 00 | lor2......j.}...
00000000000023A0 | 12 77 61 44 41 74 65 78  74 75 72 65 20 61 6E 67 | .waDAtexture ang
00000000000023B0 | 6C 65 00 00 00 00 00 B8  88 77 B2 00 00 00 12 77 | le.......w.....w
00000000000023C0 | 61 44 41 74 65 78 74 75  72 65 20 6C 65 76 65 6C | aDAtexture level
00000000000023D0 | 00 00 00 00 00 CD A5 47  71 00 00 00 12 77 61 44 | .......Gq....waD
00000000000023E0 | 41 74 65 78 74 75 72 65  20 70 61 74 68 6E 61 6D | Atexture pathnam
00000000000023F0 | 65 00 40 96 3F 89 D5 00  00 00 97 49 44 41 54 78 | e.@.?......IDATx
0000000000002400 | 9C ED D0 41 11 00 20 0C  C0 30 C0 D2 FC 6B 03 19 | ...A.. ..0...k..
0000000000002410 | 79 D0 28 E8 75 CF DC BB  3E 76 74 80 D6 00 1D A0 | y.(.u...>vt.....
0000000000002420 | 35 40 07 68 0D D0 01 5A  03 74 80 D6 00 1D A0 35 | 5@.h...Z.t.....5
0000000000002430 | 40 07 68 0D D0 01 5A 03  74 80 D6 00 1D A0 35 40 | @.h...Z.t.....5@
0000000000002440 | 07 68 0D D0 01 5A 03 74  80 D6 00 1D A0 35 40 07 | .h...Z.t.....5@.
0000000000002450 | 68 0D D0 01 5A 03 74 80  D6 00 1D A0 35 40 07 68 | h...Z.t.....5@.h
0000000000002460 | 0D D0 01 5A 03 74 80 D6  00 1D A0 35 40 07 68 0D | ...Z.t.....5@.h.
0000000000002470 | D0 01 5A 03 74 80 D6 00  1D A0 35 40 07 68 0D D0 | ..Z.t.....5@.h..
0000000000002480 | 01 5A 03 74 80 D6 00 1D  A0 35 40 07 68 0D D0 01 | .Z.t.....5@.h...
0000000000002490 | DA 03 EB 95 02 E4 B8 88  B7 90 00 00 00 00 49 45 | ..............IE
00000000000024A0 | 4E 44 AE 42 60 82 00 00  00 A8 49 50 4E 47 89 50 | ND.B`.....IPNG.P
00000000000024B0 | 4E 47 0D 0A 1A 0A 00 00  00 0D 49 48 44 52 00 00 | NG........IHDR..
00000000000024C0 | 00 4C 00 00 00 01 08 06  00 00 00 74 51 48 99 00 | .L.........tQH..
00000000000024D0 | 00 00 09 70 48 59 73 00  00 0B 12 00 00 0B 12 01 | ...pHYs.........
00000000000024E0 | D2 DD 7E FC 00 00 00 12  74 45 58 74 6F 62 6A 65 | ..~.....tEXtobje
00000000000024F0 | 63 74 20 74 79 70 65 00  76 65 63 74 6F 72 A1 6A | ct type.vector.j
0000000000002500 | 69 DF 00 00 00 3C 49 44  41 54 78 9C 63 60 60 60 | i....<IDATx.c```
0000000000002510 | 65 60 60 60 64 00 01 B7  06 06 07 10 1D CE 00 A1 | e```d...........
0000000000002520 | 89 03 4C 0C BF 16 CE F9  9F 2A FF 9F 22 BD 20 3A | ..L......*..". :
0000000000002530 | 79 FF 7F 92 F4 82 00 C8  CD A4 EB 65 26 5E 29 1A | y..........e&^).
0000000000002540 | 00 00 99 83 18 6A 66 F5  64 38 00 00 00 00 49 45 | .....jf.d8....IE
0000000000002550 | 4E 44 AE 42 60 82 00 00  03 1B 49 50 4E 47 89 50 | ND.B`.....IPNG.P
0000000000002560 | 4E 47 0D 0A 1A 0A 00 00  00 0D 49 48 44 52 00 00 | NG........IHDR..
0000000000002570 | 00 40 00 00 00 40 08 06  00 00 00 AA 69 71 DE 00 | .@...@......iq..
0000000000002580 | 00 00 09 70 48 59 73 00  00 0B 12 00 00 0B 12 01 | ...pHYs.........
0000000000002590 | D2 DD 7E FC 00 00 00 13  74 45 58 74 6F 62 6A 65 | ..~.....tEXtobje
00000000000025A0 | 63 74 20 74 79 70 65 00  74 65 78 74 75 72 65 68 | ct type.textureh
00000000000025B0 | 09 4E 6A 00 00 00 16 77  61 44 41 69 6D 61 67 65 | .Nj....waDAimage
00000000000025C0 | 20 70 6F 73 69 74 69 6F  6E 31 20 78 00 00 00 00 |  position1 x....
00000000000025D0 | 00 87 13 4E 65 00 00 00  16 77 61 44 41 69 6D 61 | ...Ne....waDAima
00000000000025E0 | 67 65 20 70 6F 73 69 74  69 6F 6E 31 20 79 00 00 | ge position1 y..
00000000000025F0 | 00 00 00 4C 4F 9D C0 00  00 00 16 77 61 44 41 69 | ...LO......waDAi
0000000000002600 | 6D 61 67 65 20 70 6F 73  69 74 69 6F 6E 32 20 78 | mage position2 x
0000000000002610 | 00 00 00 00 3F BF FA 64  BB 00 00 00 16 77 61 44 | ....?..d.....waD
0000000000002620 | 41 69 6D 61 67 65 20 70  6F 73 69 74 69 6F 6E 32 | Aimage position2
0000000000002630 | 20 79 00 00 00 00 00 C2  C0 9A 23 00 00 00 16 77 |  y........#....w
0000000000002640 | 61 44 41 69 6D 61 67 65  20 70 6F 73 69 74 69 6F | aDAimage positio
0000000000002650 | 6E 33 20 78 00 00 00 00  3F 73 50 64 25 00 00 00 | n3 x....?sPd%...
0000000000002660 | 16 77 61 44 41 69 6D 61  67 65 20 70 6F 73 69 74 | .waDAimage posit
0000000000002670 | 69 6F 6E 33 20 79 00 00  00 00 3F B8 0C B7 80 00 | ion3 y....?.....
0000000000002680 | 00 00 16 77 61 44 41 69  6D 61 67 65 20 70 6F 73 | ...waDAimage pos
0000000000002690 | 69 74 69 6F 6E 34 20 78  00 00 00 00 00 CF F3 40 | ition4 x.......@
00000000000026A0 | 01 00 00 00 16 77 61 44  41 69 6D 61 67 65 20 70 | .....waDAimage p
00000000000026B0 | 6F 73 69 74 69 6F 6E 34  20 79 00 00 00 00 3F B2 | osition4 y....?.
00000000000026C0 | C9 BE 99 00 00 00 10 77  61 44 41 69 6D 61 67 65 | .......waDAimage
00000000000026D0 | 20 61 6C 70 68 61 00 00  00 00 FF 86 1C 5A 2D 00 |  alpha.......Z-.
00000000000026E0 | 00 00 11 77 61 44 41 69  6D 61 67 65 20 68 69 64 | ...waDAimage hid
00000000000026F0 | 64 65 6E 00 00 00 00 00  F9 29 EB 1A 00 00 00 19 | den......)......
0000000000002700 | 77 61 44 41 74 65 78 74  75 72 65 20 6F 62 6A 65 | waDAtexture obje
0000000000002710 | 63 74 20 74 79 70 65 00  63 6F 6C 6F 72 A6 92 70 | ct type.color..p
0000000000002720 | 71 00 00 00 13 77 61 44  41 74 65 78 74 75 72 65 | q....waDAtexture
0000000000002730 | 20 63 6F 6C 6F 72 31 00  00 00 00 00 21 FE 88 D3 |  color1.....!...
0000000000002740 | 00 00 00 13 77 61 44 41  74 65 78 74 75 72 65 20 | ....waDAtexture 
0000000000002750 | 63 6F 6C 6F 72 32 00 00  00 00 00 A7 6A FA 7D 00 | color2......j.}.
0000000000002760 | 00 00 12 77 61 44 41 74  65 78 74 75 72 65 20 61 | ...waDAtexture a
0000000000002770 | 6E 67 6C 65 00 00 00 00  00 B8 88 77 B2 00 00 00 | ngle.......w....
0000000000002780 | 12 77 61 44 41 74 65 78  74 75 72 65 20 6C 65 76 | .waDAtexture lev
0000000000002790 | 65 6C 00 00 00 00 00 CD  A5 47 71 00 00 00 12 77 | el.......Gq....w
00000000000027A0 | 61 44 41 74 65 78 74 75  72 65 20 70 61 74 68 6E | aDAtexture pathn
00000000000027B0 | 61 6D 65 00 40 96 3F 89  D5 00 00 00 A8 49 44 41 | ame.@.?......IDA
00000000000027C0 | 54 78 9C E5 CE 21 01 00  00 0C 04 A1 EB 5F FA 17 | Tx...!......._..
00000000000027D0 | 03 31 81 A7 6A CF F1 80  C6 03 1A 0F 68 3C A0 F1 | .1..j.......h<..
00000000000027E0 | 80 C6 03 1A 0F 68 3C A0  F1 80 C6 03 1A 0F 68 3C | .....h<.......h<
00000000000027F0 | A0 F1 80 C6 03 1A 0F 68  3C A0 F1 80 C6 03 1A 0F | .......h<.......
0000000000002800 | 68 3C A0 F1 80 C6 03 1A  0F 68 3C A0 F1 80 C6 03 | h<.......h<.....
0000000000002810 | 1A 0F 68 3C A0 F1 80 C6  03 1A 0F 68 3C A0 F1 80 | ..h<.......h<...
0000000000002820 | C6 03 1A 0F 68 3C A0 F1  80 C6 03 1A 0F 68 3C A0 | ....h<.......h<.
0000000000002830 | F1 80 C6 03 1A 0F 68 3C  A0 F1 80 C6 03 1A 0F 68 | ......h<.......h
0000000000002840 | 3C A0 F1 80 C6 03 1A 0F  68 3C A0 F1 80 C6 03 1A | <.......h<......
0000000000002850 | 0F 68 3C A0 F1 80 C6 03  1A 0F 68 3C A0 F1 80 C6 | .h<.......h<....
0000000000002860 | 03 1A 0F 50 07 58 7C F0  E2 A5 3E 36 48 00 00 00 | ...P.X|...>6H...
0000000000002870 | 00 49 45 4E 44 AE 42 60  82 00 00 00 00 4D 45 4E | .IEND.B`.....MEN
0000000000002880 | 44                                               | D               
