# FileDumpOut Hex Dump
Source-File: 四角_グラデーション_線形_2.mif
Source-Path: D:\DelphiProg\test\VectArtDesigner\mif\四角_グラデーション_線形_2.mif
File-Size: 16498 bytes
Last-Modified-UTC: 2026-09-08T22:31:34.146Z
Generated-UTC: 2026-09-08T23:13:01.128Z
Bytes-Per-Line: 16
Columns: offset | hexadecimal bytes | ASCII (non-printable bytes are periods)

OFFSET           | 00 01 02 03 04 05 06 07  08 09 0A 0B 0C 0D 0E 0F | ASCII
-----------------+---------------------------------------------------+-----------------
0000000000000000 | 4D 49 4D 47 0D 0A 1A 00  00 00 00 04 4D 48 44 52 | MIMG........MHDR
0000000000000010 | 00 00 00 06 00 00 2C 6E  49 50 4E 47 89 50 4E 47 | ......,nIPNG.PNG
0000000000000020 | 0D 0A 1A 0A 00 00 00 0D  49 48 44 52 00 00 07 80 | ........IHDR....
0000000000000030 | 00 00 04 38 08 06 00 00  00 E8 D3 C1 43 00 00 00 | ...8........C...
0000000000000040 | 09 70 48 59 73 00 00 0B  12 00 00 0B 12 01 D2 DD | .pHYs...........
0000000000000050 | 7E FC 00 00 00 20 74 45  58 74 61 70 70 6C 69 63 | ~.... tEXtapplic
0000000000000060 | 61 74 69 6F 6E 20 6E 61  6D 65 00 57 65 62 41 72 | ation name.WebAr
0000000000000070 | 74 20 44 65 73 69 67 6E  65 72 6A 3D ED 32 00 00 | t Designerj=.2..
0000000000000080 | 00 18 77 61 44 41 61 70  70 6C 69 63 61 74 69 6F | ..waDAapplicatio
0000000000000090 | 6E 20 76 65 72 73 69 6F  6E 00 00 00 02 BC 03 6E | n version......n
00000000000000A0 | 03 91 00 00 00 1A 77 61  44 41 62 61 63 6B 67 72 | ......waDAbackgr
00000000000000B0 | 6F 75 6E 64 20 70 61 67  65 20 69 6E 64 65 78 00 | ound page index.
00000000000000C0 | 00 00 00 00 CF 2C 84 A8  00 00 20 00 49 44 41 54 | .....,.... .IDAT
00000000000000D0 | 78 9C EC DD 41 8E D3 56  00 80 61 BB 42 D3 4A 88 | x...A..V..a.B.J.
00000000000000E0 | D9 75 57 B1 AA 38 41 CF  C2 35 8A D4 43 70 86 DE | .uW..8A..5..Cp..
00000000000000F0 | 05 38 07 52 AB DE 62 16  AD 50 DD 05 94 66 12 3B | .8.R..b..P...f.;
0000000000000100 | E3 4C 32 98 F9 FB 7D 0B  20 9E E7 BC F7 12 7B 06 | .L2...}. .....{.
0000000000000110 | E5 17 62 9C A6 69 1A 00  00 00 00 00 00 00 78 F4 | ..b..i........x.
0000000000000120 | BE D9 7A 01 00 00 00 00  00 00 00 5C 86 00 0C 00 | ..z........\....
0000000000000130 | 00 00 00 00 00 10 21 00  03 00 00 00 00 00 00 44 | ......!........D
0000000000000140 | 08 C0 00 00 00 00 00 00  00 11 02 30 00 00 00 00 | ...........0....
0000000000000150 | 00 00 40 84 00 0C 00 00  00 00 00 00 10 21 00 03 | ..@..........!..
0000000000000160 | 00 00 00 00 00 00 44 08  C0 00 00 00 00 00 00 00 | ......D.........
0000000000000170 | 11 02 30 00 00 00 00 00  00 40 84 00 0C 00 00 00 | ..0......@......
0000000000000180 | 00 00 00 10 21 00 03 00  00 00 00 00 00 44 08 C0 | ....!........D..
0000000000000190 | 00 00 00 00 00 00 00 11  02 30 00 00 00 00 00 00 | .........0......
00000000000001A0 | 40 84 00 0C 00 00 00 00  00 00 10 21 00 03 00 00 | @..........!....
00000000000001B0 | 00 00 00 00 44 08 C0 00  00 00 00 00 00 00 11 02 | ....D...........
00000000000001C0 | 30 00 00 00 00 00 00 40  84 00 0C 00 00 00 00 00 | 0......@........
00000000000001D0 | 00 10 21 00 03 00 00 00  00 00 00 44 08 C0 00 00 | ..!........D....
00000000000001E0 | 00 00 00 00 00 11 02 30  00 00 00 00 00 00 40 84 | .......0......@.
00000000000001F0 | 00 0C 00 00 00 00 00 00  10 21 00 03 00 00 00 00 | .........!......
0000000000000200 | 00 00 44 08 C0 00 00 00  00 00 00 00 11 02 30 00 | ..D...........0.
0000000000000210 | 00 00 00 00 00 40 84 00  0C 00 00 00 00 00 00 10 | .....@..........
0000000000000220 | 21 00 03 00 00 00 00 00  00 44 08 C0 00 00 00 00 | !........D......
0000000000000230 | 00 00 00 11 02 30 00 00  00 00 00 00 40 84 00 0C | .....0......@...
0000000000000240 | 00 00 00 00 00 00 10 21  00 03 00 00 00 00 00 00 | .......!........
0000000000000250 | 44 08 C0 00 00 00 00 00  00 00 11 02 30 00 00 00 | D...........0...
0000000000000260 | 00 00 00 40 84 00 0C 00  00 00 00 00 00 10 21 00 | ...@..........!.
0000000000000270 | 03 00 00 00 00 00 00 44  08 C0 00 00 00 00 00 00 | .......D........
0000000000000280 | 00 11 02 30 00 00 00 00  00 00 40 84 00 0C 00 00 | ...0......@.....
0000000000000290 | 00 00 00 00 10 21 00 03  00 00 00 00 00 00 44 08 | .....!........D.
00000000000002A0 | C0 00 00 00 00 00 00 00  11 02 30 00 00 00 00 00 | ..........0.....
00000000000002B0 | 00 40 84 00 0C 00 00 00  00 00 00 10 21 00 03 00 | .@..........!...
00000000000002C0 | 00 00 00 00 00 44 08 C0  00 00 00 00 00 00 00 11 | .....D..........
00000000000002D0 | 02 30 00 00 00 00 00 00  40 84 00 0C 00 00 00 00 | .0......@.......
00000000000002E0 | 00 00 10 21 00 03 00 00  00 00 00 00 44 08 C0 00 | ...!........D...
00000000000002F0 | 00 00 00 00 00 00 11 02  30 00 00 00 00 00 00 40 | ........0......@
0000000000000300 | 84 00 0C 00 00 00 00 00  00 10 21 00 03 00 00 00 | ..........!.....
0000000000000310 | 00 00 00 44 08 C0 00 00  00 00 00 00 00 11 02 30 | ...D...........0
0000000000000320 | 00 00 00 00 00 00 40 84  00 0C 00 00 00 00 00 00 | ......@.........
0000000000000330 | 10 21 00 03 00 00 00 00  00 00 44 08 C0 00 00 00 | .!........D.....
0000000000000340 | 00 00 00 00 11 02 30 00  00 00 00 00 00 40 84 00 | ......0......@..
0000000000000350 | 0C 00 00 00 00 00 00 10  21 00 03 00 00 00 00 00 | ........!.......
0000000000000360 | 00 44 08 C0 00 00 00 00  00 00 00 11 02 30 00 00 | .D...........0..
0000000000000370 | 00 00 00 00 40 84 00 0C  00 00 00 00 00 00 10 21 | ....@..........!
0000000000000380 | 00 03 00 00 00 00 00 00  44 08 C0 00 00 00 00 00 | ........D.......
0000000000000390 | 00 00 11 02 30 00 00 00  00 00 00 40 84 00 0C 00 | ....0......@....
00000000000003A0 | 00 00 00 00 00 10 21 00  03 00 00 00 00 00 00 44 | ......!........D
00000000000003B0 | 08 C0 00 00 00 00 00 00  00 11 02 30 00 00 00 00 | ...........0....
00000000000003C0 | 00 00 40 84 00 0C 00 00  00 00 00 00 10 21 00 03 | ..@..........!..
00000000000003D0 | 00 00 00 00 00 00 44 08  C0 00 00 00 00 00 00 00 | ......D.........
00000000000003E0 | 11 02 30 00 00 00 00 00  00 40 84 00 0C 00 00 00 | ..0......@......
00000000000003F0 | 00 00 00 10 21 00 03 00  00 00 00 00 00 44 08 C0 | ....!........D..
0000000000000400 | 00 00 00 00 00 00 00 11  02 30 00 00 00 00 00 00 | .........0......
0000000000000410 | 40 84 00 0C 00 00 00 00  00 00 10 21 00 03 00 00 | @..........!....
0000000000000420 | 00 00 00 00 44 08 C0 00  00 00 00 00 00 00 11 02 | ....D...........
0000000000000430 | 30 00 00 00 00 00 00 40  84 00 0C 00 00 00 00 00 | 0......@........
0000000000000440 | 00 10 21 00 03 00 00 00  00 00 00 44 08 C0 00 00 | ..!........D....
0000000000000450 | 00 00 00 00 00 11 02 30  00 00 00 00 00 00 40 84 | .......0......@.
0000000000000460 | 00 0C 00 00 00 00 00 00  10 21 00 03 00 00 00 00 | .........!......
0000000000000470 | 00 00 44 08 C0 00 00 00  00 00 00 00 11 02 30 00 | ..D...........0.
0000000000000480 | 00 00 00 00 00 40 84 00  0C 00 00 00 00 00 00 10 | .....@..........
0000000000000490 | 21 00 03 00 00 00 00 00  00 44 08 C0 00 00 00 00 | !........D......
00000000000004A0 | 00 00 00 11 02 30 00 00  00 00 00 00 40 84 00 0C | .....0......@...
00000000000004B0 | 00 00 00 00 00 00 10 21  00 03 00 00 00 00 00 00 | .......!........
00000000000004C0 | 44 08 C0 00 00 00 00 00  00 00 11 02 30 00 00 00 | D...........0...
00000000000004D0 | 00 00 00 40 84 00 0C 00  00 00 00 00 00 10 21 00 | ...@..........!.
00000000000004E0 | 03 00 00 00 00 00 00 44  08 C0 00 00 00 00 00 00 | .......D........
00000000000004F0 | 00 11 02 30 00 00 00 00  00 00 40 84 00 0C 00 00 | ...0......@.....
0000000000000500 | 00 00 00 00 10 21 00 03  00 00 00 00 00 00 44 08 | .....!........D.
0000000000000510 | C0 00 00 00 00 00 00 00  11 02 30 00 00 00 00 00 | ..........0.....
0000000000000520 | 00 40 84 00 0C 00 00 00  00 00 00 10 21 00 03 00 | .@..........!...
0000000000000530 | 00 00 00 00 00 44 08 C0  00 00 00 00 00 00 00 11 | .....D..........
0000000000000540 | 02 30 00 00 00 00 00 00  40 84 00 0C 00 00 00 00 | .0......@.......
0000000000000550 | 00 00 10 21 00 03 00 00  00 00 00 00 44 08 C0 00 | ...!........D...
0000000000000560 | 00 00 00 00 00 00 11 02  30 00 00 00 00 00 00 40 | ........0......@
0000000000000570 | 84 00 0C 00 00 00 00 00  00 10 21 00 03 00 00 00 | ..........!.....
0000000000000580 | 00 00 00 44 08 C0 00 00  00 00 00 00 00 11 02 30 | ...D...........0
0000000000000590 | 00 00 00 00 00 00 40 84  00 0C 00 00 00 00 00 00 | ......@.........
00000000000005A0 | 10 21 00 03 00 00 00 00  00 00 44 08 C0 00 00 00 | .!........D.....
00000000000005B0 | 00 00 00 00 11 02 30 00  00 00 00 00 00 40 84 00 | ......0......@..
00000000000005C0 | 0C 00 00 00 00 00 00 10  21 00 03 00 00 00 00 00 | ........!.......
00000000000005D0 | 00 44 08 C0 00 00 00 00  00 00 00 11 02 30 00 00 | .D...........0..
00000000000005E0 | 00 00 00 00 40 84 00 0C  00 00 00 00 00 00 10 21 | ....@..........!
00000000000005F0 | 00 03 00 00 00 00 00 00  44 08 C0 00 00 00 00 00 | ........D.......
0000000000000600 | 00 00 11 02 30 00 00 00  00 00 00 40 84 00 0C 00 | ....0......@....
0000000000000610 | 00 00 00 00 00 10 21 00  03 00 00 00 00 00 00 44 | ......!........D
0000000000000620 | 08 C0 00 00 00 00 00 00  00 11 02 30 00 00 00 00 | ...........0....
0000000000000630 | 00 00 40 84 00 0C 00 00  00 00 00 00 10 21 00 03 | ..@..........!..
0000000000000640 | 00 00 00 00 00 00 44 08  C0 00 00 00 00 00 00 00 | ......D.........
0000000000000650 | 11 02 30 00 00 00 00 00  00 40 84 00 0C 00 00 00 | ..0......@......
0000000000000660 | 00 00 00 10 21 00 03 00  00 00 00 00 00 44 08 C0 | ....!........D..
0000000000000670 | 00 00 00 00 00 00 00 11  02 30 00 00 00 00 00 00 | .........0......
0000000000000680 | 40 84 00 0C 00 00 00 00  00 00 10 21 00 03 00 00 | @..........!....
0000000000000690 | 00 00 00 00 44 08 C0 00  00 00 00 00 00 00 11 02 | ....D...........
00000000000006A0 | 30 00 00 00 00 00 00 40  84 00 0C 00 00 00 00 00 | 0......@........
00000000000006B0 | 00 10 21 00 03 00 00 00  00 00 00 44 08 C0 00 00 | ..!........D....
00000000000006C0 | 00 00 00 00 00 11 02 30  00 00 00 00 00 00 40 84 | .......0......@.
00000000000006D0 | 00 0C 00 00 00 00 00 00  10 21 00 03 00 00 00 00 | .........!......
00000000000006E0 | 00 00 44 08 C0 00 00 00  00 00 00 00 11 02 30 00 | ..D...........0.
00000000000006F0 | 00 00 00 00 00 40 84 00  0C 00 00 00 00 00 00 10 | .....@..........
0000000000000700 | 21 00 03 00 00 00 00 00  00 44 08 C0 00 00 00 00 | !........D......
0000000000000710 | 00 00 00 11 02 30 00 00  00 00 00 00 40 84 00 0C | .....0......@...
0000000000000720 | 00 00 00 00 00 00 10 21  00 03 00 00 00 00 00 00 | .......!........
0000000000000730 | 44 08 C0 00 00 00 00 00  00 00 11 02 30 00 00 00 | D...........0...
0000000000000740 | 00 00 00 40 84 00 0C 00  00 00 00 00 00 10 21 00 | ...@..........!.
0000000000000750 | 03 00 00 00 00 00 00 44  08 C0 00 00 00 00 00 00 | .......D........
0000000000000760 | 00 11 02 30 00 00 00 00  00 00 40 84 00 0C 00 00 | ...0......@.....
0000000000000770 | 00 00 00 00 10 21 00 03  00 00 00 00 00 00 44 08 | .....!........D.
0000000000000780 | C0 00 00 00 00 00 00 00  11 02 30 00 00 00 00 00 | ..........0.....
0000000000000790 | 00 40 84 00 0C 00 00 00  00 00 00 10 21 00 03 00 | .@..........!...
00000000000007A0 | 00 00 00 00 00 44 08 C0  00 00 00 00 00 00 00 11 | .....D..........
00000000000007B0 | 02 30 00 00 00 00 00 00  40 84 00 0C 00 00 00 00 | .0......@.......
00000000000007C0 | 00 00 10 21 00 03 00 00  00 00 00 00 44 08 C0 00 | ...!........D...
00000000000007D0 | 00 00 00 00 00 00 11 02  30 00 00 00 00 00 00 40 | ........0......@
00000000000007E0 | 84 00 0C 00 00 00 00 00  00 10 21 00 03 00 00 00 | ..........!.....
00000000000007F0 | 00 00 00 44 08 C0 00 00  00 00 00 00 00 11 02 30 | ...D...........0
0000000000000800 | 00 00 00 00 00 00 40 84  00 0C 00 00 00 00 00 00 | ......@.........
0000000000000810 | 10 21 00 03 00 00 00 00  00 00 44 08 C0 00 00 00 | .!........D.....
0000000000000820 | 00 00 00 00 11 02 30 00  00 00 00 00 00 40 84 00 | ......0......@..
0000000000000830 | 0C 00 00 00 00 00 00 10  21 00 03 00 00 00 00 00 | ........!.......
0000000000000840 | 00 44 08 C0 00 00 00 00  00 00 00 11 02 30 00 00 | .D...........0..
0000000000000850 | 00 00 00 00 40 84 00 0C  00 00 00 00 00 00 10 21 | ....@..........!
0000000000000860 | 00 03 00 00 00 00 00 00  44 08 C0 00 00 00 00 00 | ........D.......
0000000000000870 | 00 00 11 02 30 00 00 00  00 00 00 40 84 00 0C 00 | ....0......@....
0000000000000880 | 00 00 00 00 00 10 21 00  03 00 00 00 00 00 00 44 | ......!........D
0000000000000890 | 08 C0 00 00 00 00 00 00  00 11 02 30 00 00 00 00 | ...........0....
00000000000008A0 | 00 00 40 84 00 0C 00 00  00 00 00 00 10 21 00 03 | ..@..........!..
00000000000008B0 | 00 00 00 00 00 00 44 08  C0 00 00 00 00 00 00 00 | ......D.........
00000000000008C0 | 11 02 30 00 00 00 00 00  00 40 84 00 0C 00 00 00 | ..0......@......
00000000000008D0 | 00 00 00 10 21 00 03 00  00 00 00 00 00 44 08 C0 | ....!........D..
00000000000008E0 | 00 00 00 00 00 00 00 11  02 30 00 00 00 00 00 00 | .........0......
00000000000008F0 | 40 84 00 0C 00 00 00 00  00 00 10 21 00 03 00 00 | @..........!....
0000000000000900 | 00 00 00 00 44 08 C0 00  00 00 00 00 00 00 11 02 | ....D...........
0000000000000910 | 30 00 00 00 00 00 00 40  84 00 0C 00 00 00 00 00 | 0......@........
0000000000000920 | 00 10 21 00 03 00 00 00  00 00 00 44 08 C0 00 00 | ..!........D....
0000000000000930 | 00 00 00 00 00 11 02 30  00 00 00 00 00 00 40 84 | .......0......@.
0000000000000940 | 00 0C 00 00 00 00 00 00  10 21 00 03 00 00 00 00 | .........!......
0000000000000950 | 00 00 44 08 C0 00 00 00  00 00 00 00 11 02 30 00 | ..D...........0.
0000000000000960 | 00 00 00 00 00 40 84 00  0C 00 00 00 00 00 00 10 | .....@..........
0000000000000970 | 21 00 03 00 00 00 00 00  00 44 08 C0 00 00 00 00 | !........D......
0000000000000980 | 00 00 00 11 02 30 00 00  00 00 00 00 40 84 00 0C | .....0......@...
0000000000000990 | 00 00 00 00 00 00 10 21  00 03 00 00 00 00 00 00 | .......!........
00000000000009A0 | 44 08 C0 00 00 00 00 00  00 00 11 02 30 00 00 00 | D...........0...
00000000000009B0 | 00 00 00 40 84 00 0C 00  00 00 00 00 00 10 21 00 | ...@..........!.
00000000000009C0 | 03 00 00 00 00 00 00 44  08 C0 00 00 00 00 00 00 | .......D........
00000000000009D0 | 00 11 02 30 00 00 00 00  00 00 40 84 00 0C 00 00 | ...0......@.....
00000000000009E0 | 00 00 00 00 10 21 00 03  00 00 00 00 00 00 44 08 | .....!........D.
00000000000009F0 | C0 00 00 00 00 00 00 00  11 02 30 00 00 00 00 00 | ..........0.....
0000000000000A00 | 00 40 84 00 0C 00 00 00  00 00 00 10 21 00 03 00 | .@..........!...
0000000000000A10 | 00 00 00 00 00 44 08 C0  00 00 00 00 00 00 00 11 | .....D..........
0000000000000A20 | 02 30 00 00 00 00 00 00  40 84 00 0C 00 00 00 00 | .0......@.......
0000000000000A30 | 00 00 10 21 00 03 00 00  00 00 00 00 44 08 C0 00 | ...!........D...
0000000000000A40 | 00 00 00 00 00 00 11 02  30 00 00 00 00 00 00 40 | ........0......@
0000000000000A50 | 84 00 0C 00 00 00 00 00  00 10 21 00 03 00 00 00 | ..........!.....
0000000000000A60 | 00 00 00 44 08 C0 00 00  00 00 00 00 00 11 02 30 | ...D...........0
0000000000000A70 | 00 00 00 00 00 00 40 84  00 0C 00 00 00 00 00 00 | ......@.........
0000000000000A80 | 10 21 00 03 00 00 00 00  00 00 44 08 C0 00 00 00 | .!........D.....
0000000000000A90 | 00 00 00 00 11 02 30 00  00 00 00 00 00 40 84 00 | ......0......@..
0000000000000AA0 | 0C 00 00 00 00 00 00 10  21 00 03 00 00 00 00 00 | ........!.......
0000000000000AB0 | 00 44 08 C0 00 00 00 00  00 00 00 11 02 30 00 00 | .D...........0..
0000000000000AC0 | 00 00 00 00 40 84 00 0C  00 00 00 00 00 00 10 21 | ....@..........!
0000000000000AD0 | 00 03 00 00 00 00 00 00  44 08 C0 00 00 00 00 00 | ........D.......
0000000000000AE0 | 00 00 11 02 30 00 00 00  00 00 00 40 84 00 0C 00 | ....0......@....
0000000000000AF0 | 00 00 00 00 00 10 21 00  03 00 00 00 00 00 00 44 | ......!........D
0000000000000B00 | 08 C0 00 00 00 00 00 00  00 11 02 30 00 00 00 00 | ...........0....
0000000000000B10 | 00 00 40 84 00 0C 00 00  00 00 00 00 10 21 00 03 | ..@..........!..
0000000000000B20 | 00 00 00 00 00 00 44 08  C0 00 00 00 00 00 00 00 | ......D.........
0000000000000B30 | 11 02 30 00 00 00 00 00  00 40 84 00 0C 00 00 00 | ..0......@......
0000000000000B40 | 00 00 00 10 21 00 03 00  00 00 00 00 00 44 08 C0 | ....!........D..
0000000000000B50 | 00 00 00 00 00 00 00 11  02 30 00 00 00 00 00 00 | .........0......
0000000000000B60 | 40 84 00 0C 00 00 00 00  00 00 10 21 00 03 00 00 | @..........!....
0000000000000B70 | 00 00 00 00 44 08 C0 00  00 00 00 00 00 00 11 02 | ....D...........
0000000000000B80 | 30 00 00 00 00 00 00 40  84 00 0C 00 00 00 00 00 | 0......@........
0000000000000B90 | 00 10 21 00 03 00 00 00  00 00 00 44 08 C0 00 00 | ..!........D....
0000000000000BA0 | 00 00 00 00 00 11 02 30  00 00 00 00 00 00 40 84 | .......0......@.
0000000000000BB0 | 00 0C 00 00 00 00 00 00  10 21 00 03 00 00 00 00 | .........!......
0000000000000BC0 | 00 00 44 08 C0 00 00 00  00 00 00 00 11 02 30 00 | ..D...........0.
0000000000000BD0 | 00 00 00 00 00 40 84 00  0C 00 00 00 00 00 00 10 | .....@..........
0000000000000BE0 | 21 00 03 00 00 00 00 00  00 44 08 C0 00 00 00 00 | !........D......
0000000000000BF0 | 00 00 00 11 02 30 00 00  00 00 00 00 40 84 00 0C | .....0......@...
0000000000000C00 | 00 00 00 00 00 00 10 21  00 03 00 00 00 00 00 00 | .......!........
0000000000000C10 | 44 08 C0 00 00 00 00 00  00 00 11 02 30 00 00 00 | D...........0...
0000000000000C20 | 00 00 00 40 84 00 0C 00  00 00 00 00 00 10 21 00 | ...@..........!.
0000000000000C30 | 03 00 00 00 00 00 00 44  08 C0 00 00 00 00 00 00 | .......D........
0000000000000C40 | 00 11 02 30 00 00 00 00  00 00 40 84 00 0C 00 00 | ...0......@.....
0000000000000C50 | 00 00 00 00 10 21 00 03  00 00 00 00 00 00 44 08 | .....!........D.
0000000000000C60 | C0 00 00 00 00 00 00 00  11 02 30 00 00 00 00 00 | ..........0.....
0000000000000C70 | 00 40 84 00 0C 00 00 00  00 00 00 10 21 00 03 00 | .@..........!...
0000000000000C80 | 00 00 00 00 00 44 08 C0  00 00 00 00 00 00 00 11 | .....D..........
0000000000000C90 | 02 30 00 00 00 00 00 00  40 84 00 0C 00 00 00 00 | .0......@.......
0000000000000CA0 | 00 00 10 21 00 03 00 00  00 00 00 00 44 08 C0 00 | ...!........D...
0000000000000CB0 | 00 00 00 00 00 00 11 02  30 00 00 00 00 00 00 40 | ........0......@
0000000000000CC0 | 84 00 0C 00 00 00 00 00  00 10 21 00 03 00 00 00 | ..........!.....
0000000000000CD0 | 00 00 00 44 08 C0 00 00  00 00 00 00 00 11 02 30 | ...D...........0
0000000000000CE0 | 00 00 00 00 00 00 40 84  00 0C 00 00 00 00 00 00 | ......@.........
0000000000000CF0 | 10 21 00 03 00 00 00 00  00 00 44 08 C0 00 00 00 | .!........D.....
0000000000000D00 | 00 00 00 00 11 02 30 00  00 00 00 00 00 40 84 00 | ......0......@..
0000000000000D10 | 0C 00 00 00 00 00 00 10  21 00 03 00 00 00 00 00 | ........!.......
0000000000000D20 | 00 44 08 C0 00 00 00 00  00 00 00 11 02 30 00 00 | .D...........0..
0000000000000D30 | 00 00 00 00 40 C4 93 AD  17 00 70 69 D3 34 0D EF | ....@.....pi.4..
0000000000000D40 | DF BF DF 7A 19 00 00 67  79 FA F4 E9 F0 FC F9 F3 | ...z...gy.......
0000000000000D50 | AD 97 01 00 00 00 3C 32  E3 34 4D D3 D6 8B 00 B8 | ......<2.4M.....
0000000000000D60 | A4 9B 9B 9B E1 D9 B3 EB  E1 FB 1F 7E 5C 35 7E 7C | ...........~\5~|
0000000000000D70 | F0 15 6D 3D E1 05 A6 3F  63 CD 5F 7A BB E3 E2 83 | ..m=...?c._z....
0000000000000D80 | B3 9F ED 9E 23 2E 3B ED  A6 AF E7 45 06 3E C0 DC | ....#.;....E.>..
0000000000000D90 | 17 9A E4 AB 7D 6D EF F5  84 87 CF FE D5 EE EF 42 | ....}m.........B
0000000000000DA0 | 0B FB A2 FB 1B 8F 3E FC  D2 D3 3F F8 89 9B EF EF | ......>...?.....
0000000000000DB0 | 81 17 B0 F1 8F E5 45 37  37 37 C3 8B 17 2F 86 37 | ......E777.../.7
0000000000000DC0 | 6F DE 6C BD 14 00 00 00  E0 91 F1 2F 80 81 A4 AB | o.l......../....
0000000000000DD0 | 6F BF 1B 7E FA E5 CD C7  0F 75 3F 7D B2 BB FB 01 | o..~.....u?}....
0000000000000DE0 | EF F8 F9 C1 38 EC FC F1  E0 43 E0 71 2E 0E ED 8D | ....8....C.q....
0000000000000DF0 | BB 3D C7 78 FC DC BD E3  87 E7 EF 8E 1B 6F 8F B9 | .=.x.........o..
0000000000000E00 | 73 EE 63 EB 1E 57 8E 5B  3B C7 B8 EA DC C5 39 56 | s.c..W.[;.....9V
0000000000000E10 | BE 07 EB F7 77 C2 7B 70  D2 1C E3 C1 B9 6B D7 72 | ....w.{p.....k.r
0000000000000E20 | 30 C7 A7 C1 A7 EE 6F 79  DC BA F7 60 9B 6B 64 5C | 0.....oy...`.kd\
0000000000000E30 | 3E F7 E4 35 1E BE 07 E7  BD 86 E3 05 F6 F7 EF B9 | >..5............
0000000000000E40 | F3 F7 E8 C1 B8 15 6B DC  7D 0F 2E 73 8D 1C 79 0F | ......k.}..s..y.
0000000000000E50 | EE 35 C7 78 F2 FD 38 7F  0F EC DD A3 0B CF B9 DD | .5.x..8.........
0000000000000E60 | 35 32 1E 1D 77 DA 1C E3  FC 1C F7 5C E3 B8 33 60 | 52..w......\..3`
0000000000000E70 | CD B9 C7 C7 ED AC F2 22  D7 C8 78 7C DC AA FD FD | ......."..x|....
0000000000000E80 | 77 F0 FC FD ED CE 31 7F  9F DE 6F 8E 33 BF 4F 1E | w.....1...o.3.O.
0000000000000E90 | 1C BF 7D 5F ED 8F 7B F7  F6 ED F0 FA F5 EB 01 00 | ..}_..{.........
0000000000000EA0 | 00 00 E0 54 FE 0F 60 00  00 00 00 00 00 80 08 01 | ...T..`.........
0000000000000EB0 | 18 00 00 00 00 00 00 20  42 00 06 00 00 00 00 00 | ....... B.......
0000000000000EC0 | 00 88 10 80 01 00 00 00  00 00 00 22 04 60 00 00 | ...........".`..
0000000000000ED0 | 00 00 00 00 80 08 01 18  00 00 00 00 00 00 20 42 | .............. B
0000000000000EE0 | 00 06 00 00 00 00 00 00  88 10 80 01 00 00 00 00 | ................
0000000000000EF0 | 00 00 22 04 60 00 00 00  00 00 00 80 08 01 18 00 | ..".`...........
0000000000000F00 | 00 00 00 00 00 20 42 00  06 00 00 00 00 00 00 88 | ..... B.........
0000000000000F10 | 10 80 01 00 00 00 00 00  00 22 04 60 00 00 00 00 | .........".`....
0000000000000F20 | 00 00 80 08 01 18 00 00  00 00 00 00 20 42 00 06 | ............ B..
0000000000000F30 | 00 00 00 00 00 00 88 10  80 01 00 00 00 00 00 00 | ................
0000000000000F40 | 22 04 60 00 00 00 00 00  00 80 08 01 18 00 00 00 | ".`.............
0000000000000F50 | 00 00 00 20 42 00 06 00  00 00 00 00 00 88 10 80 | ... B...........
0000000000000F60 | 01 00 00 00 00 00 00 22  04 60 00 00 00 00 00 00 | .......".`......
0000000000000F70 | 80 08 01 18 00 00 00 00  00 00 20 42 00 06 00 00 | .......... B....
0000000000000F80 | 00 00 00 00 88 10 80 01  00 00 00 00 00 00 22 04 | ..............".
0000000000000F90 | 60 00 00 00 00 00 00 80  08 01 18 00 00 00 00 00 | `...............
0000000000000FA0 | 00 20 42 00 06 00 00 00  00 00 00 88 10 80 01 00 | . B.............
0000000000000FB0 | 00 00 00 00 00 22 04 60  00 00 00 00 00 00 80 08 | .....".`........
0000000000000FC0 | 01 18 00 00 00 00 00 00  20 42 00 06 00 00 00 00 | ........ B......
0000000000000FD0 | 00 00 88 10 80 01 00 00  00 00 00 00 22 04 60 00 | ............".`.
0000000000000FE0 | 00 00 00 00 00 80 08 01  18 00 00 00 00 00 00 20 | ............... 
0000000000000FF0 | 42 00 06 00 00 00 00 00  00 88 10 80 01 00 00 00 | B...............
0000000000001000 | 00 00 00 22 04 60 00 00  00 00 00 00 80 08 01 18 | ...".`..........
0000000000001010 | 00 00 00 00 00 00 20 42  00 06 00 00 00 00 00 00 | ...... B........
0000000000001020 | 88 10 80 01 00 00 00 00  00 00 22 04 60 00 00 00 | ..........".`...
0000000000001030 | 00 00 00 80 08 01 18 00  00 00 00 00 00 20 42 00 | ............. B.
0000000000001040 | 06 00 00 00 00 00 00 88  10 80 01 00 00 00 00 00 | ................
0000000000001050 | 00 22 04 60 00 00 00 00  00 00 80 08 01 18 00 00 | .".`............
0000000000001060 | 00 00 00 00 20 42 00 06  00 00 00 00 00 00 88 10 | .... B..........
0000000000001070 | 80 01 00 00 00 00 00 00  22 04 60 00 00 00 00 00 | ........".`.....
0000000000001080 | 00 80 08 01 18 00 00 00  00 00 00 20 42 00 06 00 | ........... B...
0000000000001090 | 00 00 00 00 00 88 10 80  01 00 00 00 00 00 00 22 | ..............."
00000000000010A0 | 04 60 00 00 00 00 00 00  80 08 01 18 00 00 00 00 | .`..............
00000000000010B0 | 00 00 20 42 00 06 00 00  00 00 00 00 88 10 80 01 | .. B............
00000000000010C0 | 00 00 00 00 00 00 22 04  60 00 00 00 00 00 00 80 | ......".`.......
00000000000010D0 | 08 01 18 00 00 00 00 00  00 20 42 00 06 00 00 00 | ......... B.....
00000000000010E0 | 00 00 00 88 10 80 01 00  00 00 00 00 00 22 04 60 | .............".`
00000000000010F0 | 00 00 00 00 00 00 80 08  01 18 00 00 00 00 00 00 | ................
0000000000001100 | 20 42 00 06 00 00 00 00  00 00 88 10 80 01 00 00 |  B..............
0000000000001110 | 00 00 00 00 22 04 60 00  00 00 00 00 00 80 08 01 | ....".`.........
0000000000001120 | 18 00 00 00 00 00 00 20  42 00 06 00 00 00 00 00 | ....... B.......
0000000000001130 | 00 88 10 80 01 00 00 00  00 00 00 22 04 60 00 00 | ...........".`..
0000000000001140 | 00 00 00 00 80 08 01 18  00 00 00 00 00 00 20 42 | .............. B
0000000000001150 | 00 06 00 00 00 00 00 00  88 10 80 01 00 00 00 00 | ................
0000000000001160 | 00 00 22 04 60 00 00 00  00 00 00 80 08 01 18 00 | ..".`...........
0000000000001170 | 00 00 00 00 00 20 42 00  06 00 00 00 00 00 00 88 | ..... B.........
0000000000001180 | 10 80 01 00 00 00 00 00  00 22 04 60 00 00 00 00 | .........".`....
0000000000001190 | 00 00 80 08 01 18 00 00  00 00 00 00 20 42 00 06 | ............ B..
00000000000011A0 | 00 00 00 00 00 00 88 10  80 01 00 00 00 00 00 00 | ................
00000000000011B0 | 22 04 60 00 00 00 00 00  00 80 08 01 18 00 00 00 | ".`.............
00000000000011C0 | 00 00 00 20 42 00 06 00  00 00 00 00 00 88 10 80 | ... B...........
00000000000011D0 | 01 00 00 00 00 00 00 22  04 60 00 00 00 00 00 00 | .......".`......
00000000000011E0 | 80 08 01 18 00 00 00 00  00 00 20 42 00 06 00 00 | .......... B....
00000000000011F0 | 00 00 00 00 88 10 80 01  00 00 00 00 00 00 22 04 | ..............".
0000000000001200 | 60 00 00 00 00 00 00 80  08 01 18 00 00 00 00 00 | `...............
0000000000001210 | 00 20 42 00 06 00 00 00  00 00 00 88 10 80 01 00 | . B.............
0000000000001220 | 00 00 00 00 00 22 04 60  00 00 00 00 00 00 80 08 | .....".`........
0000000000001230 | 01 18 00 00 00 00 00 00  20 42 00 06 00 00 00 00 | ........ B......
0000000000001240 | 00 00 88 10 80 01 00 00  00 00 00 00 22 04 60 00 | ............".`.
0000000000001250 | 00 00 00 00 00 80 08 01  18 00 00 00 00 00 00 20 | ............... 
0000000000001260 | 42 00 06 00 00 00 00 00  00 88 10 80 01 00 00 00 | B...............
0000000000001270 | 00 00 00 22 04 60 00 00  00 00 00 00 80 08 01 18 | ...".`..........
0000000000001280 | 00 00 00 00 00 00 20 42  00 06 00 00 00 00 00 00 | ...... B........
0000000000001290 | 88 10 80 01 00 00 00 00  00 00 22 04 60 00 00 00 | ..........".`...
00000000000012A0 | 00 00 00 80 08 01 18 00  00 00 00 00 00 20 42 00 | ............. B.
00000000000012B0 | 06 00 00 00 00 00 00 88  10 80 01 00 00 00 00 00 | ................
00000000000012C0 | 00 22 04 60 00 00 00 00  00 00 80 08 01 18 00 00 | .".`............
00000000000012D0 | 00 00 00 00 20 42 00 06  00 00 00 00 00 00 88 10 | .... B..........
00000000000012E0 | 80 01 00 00 00 00 00 00  22 04 60 00 00 00 00 00 | ........".`.....
00000000000012F0 | 00 80 08 01 18 00 00 00  00 00 00 20 42 00 06 00 | ........... B...
0000000000001300 | 00 00 00 00 00 88 10 80  01 00 00 00 00 00 00 22 | ..............."
0000000000001310 | 04 60 00 00 00 00 00 00  80 08 01 18 00 00 00 00 | .`..............
0000000000001320 | 00 00 20 42 00 06 00 00  00 00 00 00 88 10 80 01 | .. B............
0000000000001330 | 00 00 00 00 00 00 22 04  60 00 00 00 00 00 00 80 | ......".`.......
0000000000001340 | 08 01 18 00 00 00 00 00  00 20 42 00 06 00 00 00 | ......... B.....
0000000000001350 | 00 00 00 88 10 80 01 00  00 00 00 00 00 22 04 60 | .............".`
0000000000001360 | 00 00 00 00 00 00 80 08  01 18 00 00 00 00 00 00 | ................
0000000000001370 | 20 42 00 06 00 00 00 00  00 00 88 10 80 01 00 00 |  B..............
0000000000001380 | 00 00 00 00 22 04 60 00  00 00 00 00 00 80 08 01 | ....".`.........
0000000000001390 | 18 00 00 00 00 00 00 20  42 00 06 00 00 00 00 00 | ....... B.......
00000000000013A0 | 00 88 10 80 01 00 00 00  00 00 00 22 04 60 00 00 | ...........".`..
00000000000013B0 | 00 00 00 00 80 08 01 18  00 00 00 00 00 00 20 42 | .............. B
00000000000013C0 | 00 06 00 00 00 00 00 00  88 10 80 01 00 00 00 00 | ................
00000000000013D0 | 00 00 22 04 60 00 00 00  00 00 00 80 08 01 18 00 | ..".`...........
00000000000013E0 | 00 00 00 00 00 20 42 00  06 00 00 00 00 00 00 88 | ..... B.........
00000000000013F0 | 10 80 01 00 00 00 00 00  00 22 04 60 00 00 00 00 | .........".`....
0000000000001400 | 00 00 80 08 01 18 00 00  00 00 00 00 20 42 00 06 | ............ B..
0000000000001410 | 00 00 00 00 00 00 88 10  80 01 00 00 00 00 00 00 | ................
0000000000001420 | 22 04 60 00 00 00 00 00  00 80 08 01 18 00 00 00 | ".`.............
0000000000001430 | 00 00 00 20 42 00 06 00  00 00 00 00 00 88 10 80 | ... B...........
0000000000001440 | 01 00 00 00 00 00 00 22  04 60 00 00 00 00 00 00 | .......".`......
0000000000001450 | 80 08 01 18 00 00 00 00  00 00 20 42 00 06 00 00 | .......... B....
0000000000001460 | 00 00 00 00 88 10 80 01  00 00 00 00 00 00 22 04 | ..............".
0000000000001470 | 60 00 00 00 00 00 00 80  08 01 18 00 00 00 00 00 | `...............
0000000000001480 | 00 20 42 00 06 00 00 00  00 00 00 88 78 B2 F5 02 | . B.........x...
0000000000001490 | 00 1E C2 87 0F 7F 0D 7F  BC FB 75 18 87 61 F8 F8 | ..........u..a..
00000000000014A0 | CB 6D E3 E7 63 E3 DC 97  67 C6 ED 1D 5F 38 B0 F4 | .m..c...g..._8..
00000000000014B0 | 5C E3 E2 83 DB 0F 6F 8F  1B E7 8F EF 8F 3F BA BF | \.....o......?..
00000000000014C0 | F5 6B 59 5C C7 30 B7 BF  71 EE CB F3 6B 59 5A C7 | .kY\.0..q...kYZ.
00000000000014D0 | 8A D7 F6 7E FB 9B DF D4  C9 AF E1 C1 AF 27 EC 6F | ...~.........'.o
00000000000014E0 | 5C 79 2D 0C 73 AF ED F1  6B 64 F7 E8 78 F6 FE 56 | \y-.s...kd..x..V
00000000000014F0 | AC 65 EE 9C 3B AF E1 C3  27 3A 7D 7F E7 DD 7F CB | .e..;...':}.....
0000000000001500 | FB 5B BE E7 D7 EC EF CE  F5 AD 5D CB EC F9 7B D7 | .[........]...{.
0000000000001510 | DB 91 E7 9C 1D 72 C7 FB  7C DE FE C6 B9 DF 96 E7 | .....r..|.......
0000000000001520 | 3B 7A 8D CC 7F F1 DC FD  ED 1E 5C 73 FF CD BF 7F | ;z........\s....
0000000000001530 | 0B EF C1 FE F9 67 5E C3  07 6B 59 78 92 D9 EF B4 | .....g^..kYx....
0000000000001540 | 6B BF BF CC AD F1 C1 AE  91 C3 11 F7 FE 39 79 F1 | k............9y.
0000000000001550 | FD CD 6F 7A ED 1C A7 AE  E5 B4 6B E7 C8 DF 41 C6 | ..oz......k...A.
0000000000001560 | 61 F8 FD B7 DF 96 BE 0A  00 00 00 70 94 00 0C E4 | a..........p....
0000000000001570 | 5C 5D 5D 0D AF 7E 7E 35  FC 3D FD B9 F5 52 60 B5 | \]]..~~5.=...R`.
0000000000001580 | 63 F1 EB 51 78 F4 1B 60  95 69 FD B8 D5 97 84 6B | c..Qx..`.i.....k
0000000000001590 | 67 F1 65 5D 3A EE 25 FB  7F B8 BE BE 1E 5E BE 7C | g.e]:.%......^.|
00000000000015A0 | B9 F5 32 00 00 00 80 47  68 9C A6 69 ED 47 79 00 | ..2....Gh..i.Gy.
00000000000015B0 | 00 00 00 00 00 00 7C C5  FC 1F C0 00 00 00 00 00 | ......|.........
00000000000015C0 | 00 00 11 02 30 00 00 00  00 00 00 40 84 00 0C 00 | ....0......@....
00000000000015D0 | 00 00 00 00 00 10 21 00  03 00 00 00 00 00 00 44 | ......!........D
00000000000015E0 | 08 C0 00 00 00 00 00 00  00 11 02 30 00 00 00 00 | ...........0....
00000000000015F0 | 00 00 40 84 00 0C 00 00  00 00 00 00 10 21 00 03 | ..@..........!..
0000000000001600 | 00 00 00 00 00 00 44 08  C0 00 00 00 00 00 00 00 | ......D.........
0000000000001610 | 11 02 30 00 00 00 00 00  00 40 84 00 0C 00 00 00 | ..0......@......
0000000000001620 | 00 00 00 10 21 00 03 00  00 00 00 00 00 44 08 C0 | ....!........D..
0000000000001630 | 00 00 00 00 00 00 00 11  02 30 00 00 00 00 00 00 | .........0......
0000000000001640 | 40 84 00 0C 00 00 00 00  00 00 10 21 00 03 00 00 | @..........!....
0000000000001650 | 00 00 00 00 44 08 C0 00  00 00 00 00 00 00 11 02 | ....D...........
0000000000001660 | 30 00 00 00 00 00 00 40  84 00 0C 00 00 00 00 00 | 0......@........
0000000000001670 | 00 10 21 00 03 00 00 00  00 00 00 44 08 C0 00 00 | ..!........D....
0000000000001680 | 00 00 00 00 00 11 02 30  00 00 00 00 00 00 40 84 | .......0......@.
0000000000001690 | 00 0C 00 00 00 00 00 00  10 21 00 03 00 00 00 00 | .........!......
00000000000016A0 | 00 00 44 08 C0 00 00 00  00 00 00 00 11 02 30 00 | ..D...........0.
00000000000016B0 | 00 00 00 00 00 40 84 00  0C 00 00 00 00 00 00 10 | .....@..........
00000000000016C0 | 21 00 03 00 00 00 00 00  00 44 08 C0 00 00 00 00 | !........D......
00000000000016D0 | 00 00 00 11 02 30 00 00  00 00 00 00 40 84 00 0C | .....0......@...
00000000000016E0 | 00 00 00 00 00 00 10 21  00 03 00 00 00 00 00 00 | .......!........
00000000000016F0 | 44 08 C0 00 00 00 00 00  00 00 11 02 30 00 00 00 | D...........0...
0000000000001700 | 00 00 00 40 84 00 0C 00  00 00 00 00 00 10 21 00 | ...@..........!.
0000000000001710 | 03 00 00 00 00 00 00 44  08 C0 00 00 00 00 00 00 | .......D........
0000000000001720 | 00 11 02 30 00 00 00 00  00 00 40 84 00 0C 00 00 | ...0......@.....
0000000000001730 | 00 00 00 00 10 21 00 03  00 00 00 00 00 00 44 08 | .....!........D.
0000000000001740 | C0 00 00 00 00 00 00 00  11 02 30 00 00 00 00 00 | ..........0.....
0000000000001750 | 00 40 84 00 0C 00 00 00  00 00 00 10 21 00 03 00 | .@..........!...
0000000000001760 | 00 00 00 00 00 44 08 C0  00 00 00 00 00 00 00 11 | .....D..........
0000000000001770 | 02 30 00 00 00 00 00 00  40 84 00 0C 00 00 00 00 | .0......@.......
0000000000001780 | 00 00 10 21 00 03 00 00  00 00 00 00 44 08 C0 00 | ...!........D...
0000000000001790 | 00 00 00 00 00 00 11 02  30 00 00 00 00 00 00 40 | ........0......@
00000000000017A0 | 84 00 0C 00 00 00 00 00  00 10 21 00 03 00 00 00 | ..........!.....
00000000000017B0 | 00 00 00 44 08 C0 00 00  00 00 00 00 00 11 02 30 | ...D...........0
00000000000017C0 | 00 00 00 00 00 00 40 84  00 0C 00 00 00 00 00 00 | ......@.........
00000000000017D0 | 10 21 00 03 00 00 00 00  00 00 44 08 C0 00 00 00 | .!........D.....
00000000000017E0 | 00 00 00 00 11 02 30 00  FF B4 67 07 32 00 00 00 | ......0...g.2...
00000000000017F0 | 00 83 FC AD EF F1 95 46  00 00 00 00 00 C0 84 00 | .......F........
0000000000001800 | 06 00 00 00 00 00 00 98  10 C0 00 00 00 00 00 00 | ................
0000000000001810 | 00 13 02 18 00 00 00 00  00 00 60 42 00 03 00 00 | ..........`B....
0000000000001820 | 00 00 00 00 4C 08 60 00  00 00 00 00 00 80 09 01 | ....L.`.........
0000000000001830 | 0C 00 00 00 00 00 00 30  21 80 01 00 00 00 00 00 | .......0!.......
0000000000001840 | 00 26 04 30 00 00 00 00  00 00 C0 84 00 06 00 00 | .&.0............
0000000000001850 | 00 00 00 00 98 10 C0 00  00 00 00 00 00 00 13 02 | ................
0000000000001860 | 18 00 00 00 00 00 00 60  42 00 03 00 00 00 00 00 | .......`B.......
0000000000001870 | 00 4C 08 60 00 00 00 00  00 00 80 09 01 0C 00 00 | .L.`............
0000000000001880 | 00 00 00 00 30 21 80 01  00 00 00 00 00 00 26 04 | ....0!........&.
0000000000001890 | 30 00 00 00 00 00 00 C0  84 00 06 00 00 00 00 00 | 0...............
00000000000018A0 | 00 98 10 C0 00 00 00 00  00 00 00 13 02 18 00 00 | ................
00000000000018B0 | 00 00 00 00 60 42 00 03  00 00 00 00 00 00 4C 08 | ....`B........L.
00000000000018C0 | 60 00 00 00 00 00 00 80  09 01 0C 00 00 00 00 00 | `...............
00000000000018D0 | 00 30 21 80 01 00 00 00  00 00 00 26 04 30 00 00 | .0!........&.0..
00000000000018E0 | 00 00 00 00 C0 84 00 06  00 00 00 00 00 00 98 10 | ................
00000000000018F0 | C0 00 00 00 00 00 00 00  13 02 18 00 00 00 00 00 | ................
0000000000001900 | 00 60 42 00 03 00 00 00  00 00 00 4C 08 60 00 00 | .`B........L.`..
0000000000001910 | 00 00 00 00 80 09 01 0C  00 00 00 00 00 00 30 21 | ..............0!
0000000000001920 | 80 01 00 00 00 00 00 00  26 04 30 00 00 00 00 00 | ........&.0.....
0000000000001930 | 00 C0 84 00 06 00 00 00  00 00 00 98 10 C0 00 00 | ................
0000000000001940 | 00 00 00 00 00 13 02 18  00 00 00 00 00 00 60 42 | ..............`B
0000000000001950 | 00 03 00 00 00 00 00 00  4C 08 60 00 00 00 00 00 | ........L.`.....
0000000000001960 | 00 80 09 01 0C 00 00 00  00 00 00 30 21 80 01 00 | ...........0!...
0000000000001970 | 00 00 00 00 00 26 04 30  00 00 00 00 00 00 C0 84 | .....&.0........
0000000000001980 | 00 06 00 00 00 00 00 00  98 10 C0 00 00 00 00 00 | ................
0000000000001990 | 00 00 13 02 18 00 00 00  00 00 00 60 42 00 03 00 | ...........`B...
00000000000019A0 | 00 00 00 00 00 4C 08 60  00 00 00 00 00 00 80 09 | .....L.`........
00000000000019B0 | 01 0C 00 00 00 00 00 00  30 21 80 01 00 00 00 00 | ........0!......
00000000000019C0 | 00 00 26 04 30 00 00 00  00 00 00 C0 84 00 06 00 | ..&.0...........
00000000000019D0 | 00 00 00 00 00 98 10 C0  00 00 00 00 00 00 00 13 | ................
00000000000019E0 | 02 18 00 00 00 00 00 00  60 42 00 03 00 00 00 00 | ........`B......
00000000000019F0 | 00 00 4C 08 60 00 00 00  00 00 00 80 09 01 0C 00 | ..L.`...........
0000000000001A00 | 00 00 00 00 00 30 21 80  01 00 00 00 00 00 00 26 | .....0!........&
0000000000001A10 | 04 30 00 00 00 00 00 00  C0 84 00 06 00 00 00 00 | .0..............
0000000000001A20 | 00 00 98 10 C0 00 00 00  00 00 00 00 13 02 18 00 | ................
0000000000001A30 | 00 00 00 00 00 60 42 00  03 00 00 00 00 00 00 4C | .....`B........L
0000000000001A40 | 08 60 00 00 00 00 00 00  80 09 01 0C 00 00 00 00 | .`..............
0000000000001A50 | 00 00 30 21 80 01 00 00  00 00 00 00 26 04 30 00 | ..0!........&.0.
0000000000001A60 | 00 00 00 00 00 C0 84 00  06 00 00 00 00 00 00 98 | ................
0000000000001A70 | 10 C0 00 00 00 00 00 00  00 13 02 18 00 00 00 00 | ................
0000000000001A80 | 00 00 60 42 00 03 00 00  00 00 00 00 4C 08 60 00 | ..`B........L.`.
0000000000001A90 | 00 00 00 00 00 80 09 01  0C 00 00 00 00 00 00 30 | ...............0
0000000000001AA0 | 21 80 01 00 00 00 00 00  00 26 04 30 00 00 00 00 | !........&.0....
0000000000001AB0 | 00 00 C0 84 00 06 00 00  00 00 00 00 98 10 C0 00 | ................
0000000000001AC0 | 00 00 00 00 00 00 13 02  18 00 00 00 00 00 00 60 | ...............`
0000000000001AD0 | 42 00 03 00 00 00 00 00  00 4C 08 60 00 00 00 00 | B........L.`....
0000000000001AE0 | 00 00 80 09 01 0C 00 00  00 00 00 00 30 21 80 01 | ............0!..
0000000000001AF0 | 00 00 00 00 00 00 26 04  30 00 00 00 00 00 00 C0 | ......&.0.......
0000000000001B00 | 84 00 06 00 00 00 00 00  00 98 10 C0 00 00 00 00 | ................
0000000000001B10 | 00 00 00 13 02 18 00 00  00 00 00 00 60 42 00 03 | ............`B..
0000000000001B20 | 00 00 00 00 00 00 4C 08  60 00 00 00 00 00 00 80 | ......L.`.......
0000000000001B30 | 09 01 0C 00 00 00 00 00  00 30 21 80 01 00 00 00 | .........0!.....
0000000000001B40 | 00 00 00 26 04 30 00 00  00 00 00 00 C0 84 00 06 | ...&.0..........
0000000000001B50 | 00 00 00 00 00 00 98 10  C0 00 00 00 00 00 00 00 | ................
0000000000001B60 | 13 02 18 00 00 00 00 00  00 60 42 00 03 00 00 00 | .........`B.....
0000000000001B70 | 00 00 00 4C 08 60 00 00  00 00 00 00 80 09 01 0C | ...L.`..........
0000000000001B80 | 00 00 00 00 00 00 30 21  80 01 00 00 00 00 00 00 | ......0!........
0000000000001B90 | 26 04 30 00 00 00 00 00  00 C0 84 00 06 00 00 00 | &.0.............
0000000000001BA0 | 00 00 00 98 10 C0 00 00  00 00 00 00 00 13 02 18 | ................
0000000000001BB0 | 00 00 00 00 00 00 60 42  00 03 00 00 00 00 00 00 | ......`B........
0000000000001BC0 | 4C 08 60 00 00 00 00 00  00 80 09 01 0C 00 00 00 | L.`.............
0000000000001BD0 | 00 00 00 30 21 80 01 00  00 00 00 00 00 26 04 30 | ...0!........&.0
0000000000001BE0 | 00 00 00 00 00 00 C0 84  00 06 00 00 00 00 00 00 | ................
0000000000001BF0 | 98 10 C0 00 00 00 00 00  00 00 13 02 18 00 00 00 | ................
0000000000001C00 | 00 00 00 60 42 00 03 00  00 00 00 00 00 4C 08 60 | ...`B........L.`
0000000000001C10 | 00 00 00 00 00 00 80 09  01 0C 00 00 00 00 00 00 | ................
0000000000001C20 | 30 21 80 01 00 00 00 00  00 00 26 04 30 00 00 00 | 0!........&.0...
0000000000001C30 | 00 00 00 C0 84 00 06 00  00 00 00 00 00 98 10 C0 | ................
0000000000001C40 | 00 00 00 00 00 00 00 13  02 18 00 00 00 00 00 00 | ................
0000000000001C50 | 60 42 00 03 00 00 00 00  00 00 4C 08 60 00 00 00 | `B........L.`...
0000000000001C60 | 00 00 00 80 09 01 0C 00  00 00 00 00 00 30 21 80 | .............0!.
0000000000001C70 | 01 00 00 00 00 00 00 26  04 30 00 00 00 00 00 00 | .......&.0......
0000000000001C80 | C0 84 00 06 00 00 00 00  00 00 98 10 C0 00 00 00 | ................
0000000000001C90 | 00 00 00 00 13 02 18 00  00 00 00 00 00 60 42 00 | .............`B.
0000000000001CA0 | 03 00 00 00 00 00 00 4C  08 60 00 00 00 00 00 00 | .......L.`......
0000000000001CB0 | 80 09 01 0C 00 00 00 00  00 00 30 21 80 01 00 00 | ..........0!....
0000000000001CC0 | 00 00 00 00 26 04 30 00  00 00 00 00 00 C0 84 00 | ....&.0.........
0000000000001CD0 | 06 00 00 00 00 00 00 98  10 C0 00 00 00 00 00 00 | ................
0000000000001CE0 | 00 13 02 18 00 00 00 00  00 00 60 42 00 03 00 00 | ..........`B....
0000000000001CF0 | 00 00 00 00 4C 08 60 00  00 00 00 00 00 80 09 01 | ....L.`.........
0000000000001D00 | 0C 00 00 00 00 00 00 30  21 80 01 00 00 00 00 00 | .......0!.......
0000000000001D10 | 00 26 04 30 00 00 00 00  00 00 C0 84 00 06 00 00 | .&.0............
0000000000001D20 | 00 00 00 00 98 10 C0 00  00 00 00 00 00 00 13 02 | ................
0000000000001D30 | 18 00 00 00 00 00 00 60  42 00 03 00 00 00 00 00 | .......`B.......
0000000000001D40 | 00 4C 08 60 00 00 00 00  00 00 80 09 01 0C 00 00 | .L.`............
0000000000001D50 | 00 00 00 00 30 21 80 01  00 00 00 00 00 00 26 04 | ....0!........&.
0000000000001D60 | 30 00 00 00 00 00 00 C0  84 00 06 00 00 00 00 00 | 0...............
0000000000001D70 | 00 98 10 C0 00 00 00 00  00 00 00 13 02 18 00 00 | ................
0000000000001D80 | 00 00 00 00 60 42 00 03  00 00 00 00 00 00 4C 08 | ....`B........L.
0000000000001D90 | 60 00 00 00 00 00 00 80  09 01 0C 00 00 00 00 00 | `...............
0000000000001DA0 | 00 30 21 80 01 00 00 00  00 00 00 26 04 30 00 00 | .0!........&.0..
0000000000001DB0 | 00 00 00 00 C0 84 00 06  00 00 00 00 00 00 98 10 | ................
0000000000001DC0 | C0 00 00 00 00 00 00 00  13 02 18 00 00 00 00 00 | ................
0000000000001DD0 | 00 60 42 00 03 00 00 00  00 00 00 4C 08 60 00 00 | .`B........L.`..
0000000000001DE0 | 00 00 00 00 80 09 01 0C  00 00 00 00 00 00 30 21 | ..............0!
0000000000001DF0 | 80 01 00 00 00 00 00 00  26 04 30 00 00 00 00 00 | ........&.0.....
0000000000001E00 | 00 C0 84 00 06 00 00 00  00 00 00 98 10 C0 00 00 | ................
0000000000001E10 | 00 00 00 00 00 13 02 18  00 00 00 00 00 00 60 42 | ..............`B
0000000000001E20 | 00 03 00 00 00 00 00 00  4C 08 60 00 00 00 00 00 | ........L.`.....
0000000000001E30 | 00 80 09 01 0C 00 00 00  00 00 00 30 21 80 01 00 | ...........0!...
0000000000001E40 | 00 00 00 00 00 26 04 30  00 00 00 00 00 00 C0 84 | .....&.0........
0000000000001E50 | 00 06 00 00 00 00 00 00  98 10 C0 00 00 00 00 00 | ................
0000000000001E60 | 00 00 13 02 18 00 00 00  00 00 00 60 42 00 03 00 | ...........`B...
0000000000001E70 | 00 00 00 00 00 4C 08 60  00 00 00 00 00 00 80 09 | .....L.`........
0000000000001E80 | 01 0C 00 00 00 00 00 00  30 21 80 01 00 00 00 00 | ........0!......
0000000000001E90 | 00 00 26 04 30 00 00 00  00 00 00 C0 84 00 06 00 | ..&.0...........
0000000000001EA0 | 00 00 00 00 00 98 10 C0  00 00 00 00 00 00 00 13 | ................
0000000000001EB0 | 02 18 00 00 00 00 00 00  60 42 00 03 00 00 00 00 | ........`B......
0000000000001EC0 | 00 00 4C 08 60 00 00 00  00 00 00 80 09 01 0C 00 | ..L.`...........
0000000000001ED0 | 00 00 00 00 00 30 21 80  01 00 00 00 00 00 00 26 | .....0!........&
0000000000001EE0 | 04 30 00 00 00 00 00 00  C0 84 00 06 00 00 00 00 | .0..............
0000000000001EF0 | 00 00 98 10 C0 00 00 00  00 00 00 00 13 02 18 00 | ................
0000000000001F00 | 00 00 00 00 00 60 42 00  03 00 00 00 00 00 00 4C | .....`B........L
0000000000001F10 | 08 60 00 00 00 00 00 00  80 09 01 0C 00 00 00 00 | .`..............
0000000000001F20 | 00 00 30 21 80 01 00 00  00 00 00 00 26 04 30 00 | ..0!........&.0.
0000000000001F30 | 00 00 00 00 00 C0 84 00  06 00 00 00 00 00 00 98 | ................
0000000000001F40 | 10 C0 00 00 00 00 00 00  00 13 02 18 00 00 00 00 | ................
0000000000001F50 | 00 00 60 42 00 03 00 00  00 00 00 00 4C 08 60 00 | ..`B........L.`.
0000000000001F60 | 00 00 00 00 00 80 09 01  0C 00 00 00 00 00 00 30 | ...............0
0000000000001F70 | 21 80 01 00 00 00 00 00  00 26 04 30 00 00 00 00 | !........&.0....
0000000000001F80 | 00 00 C0 84 00 06 00 00  00 00 00 00 98 10 C0 00 | ................
0000000000001F90 | 00 00 00 00 00 00 13 02  18 00 00 00 00 00 00 60 | ...............`
0000000000001FA0 | 42 00 03 00 00 00 00 00  00 4C 08 60 00 00 00 00 | B........L.`....
0000000000001FB0 | 00 00 80 09 01 0C 00 00  00 00 00 00 30 21 80 01 | ............0!..
0000000000001FC0 | 00 00 00 00 00 00 26 04  30 00 00 00 00 00 00 C0 | ......&.0.......
0000000000001FD0 | 84 00 06 00 00 00 00 00  00 98 10 C0 00 00 00 00 | ................
0000000000001FE0 | 00 00 00 13 02 18 00 00  00 00 00 00 60 42 00 03 | ............`B..
0000000000001FF0 | 00 00 00 00 00 00 4C 08  60 00 00 00 00 00 00 80 | ......L.`.......
0000000000002000 | 09 01 0C 00 00 00 00 00  00 30 21 80 01 00 00 00 | .........0!.....
0000000000002010 | 00 00 00 26 04 30 00 00  00 00 00 00 C0 84 00 06 | ...&.0..........
0000000000002020 | 00 00 00 00 00 00 98 10  C0 00 00 00 00 00 00 00 | ................
0000000000002030 | 13 02 18 00 00 00 00 00  00 60 42 00 03 00 00 00 | .........`B.....
0000000000002040 | 00 00 00 4C 08 60 00 00  00 00 00 00 80 09 01 0C | ...L.`..........
0000000000002050 | 00 00 00 00 00 00 30 21  80 01 00 00 00 00 00 00 | ......0!........
0000000000002060 | 26 04 30 00 00 00 00 00  00 C0 84 00 06 00 00 00 | &.0.............
0000000000002070 | 00 00 00 98 10 C0 00 00  00 00 00 00 00 13 02 18 | ................
0000000000002080 | 00 00 00 00 00 00 60 42  00 03 00 00 00 00 00 00 | ......`B........
0000000000002090 | 4C 08 60 00 00 00 00 00  00 80 09 01 0C 00 00 00 | L.`.............
00000000000020A0 | 00 00 00 30 21 80 01 00  00 00 00 00 00 26 04 30 | ...0!........&.0
00000000000020B0 | 00 00 00 00 00 00 C0 84  00 06 00 00 00 00 00 00 | ................
00000000000020C0 | 98 10 C0 00 00 00 00 00  00 00 13 02 18 00 00 00 | ................
00000000000020D0 | 7A B5 46 97 00 00 0B 9E  49 44 41 54 00 00 00 60 | z.F.....IDAT...`
00000000000020E0 | 42 00 03 00 00 00 00 00  00 4C 08 60 00 00 00 00 | B........L.`....
00000000000020F0 | 00 00 80 09 01 0C 00 00  00 00 00 00 30 21 80 01 | ............0!..
0000000000002100 | 00 00 00 00 00 00 26 04  30 00 00 00 00 00 00 C0 | ......&.0.......
0000000000002110 | 84 00 06 00 00 00 00 00  00 98 10 C0 00 00 00 00 | ................
0000000000002120 | 00 00 00 13 02 18 00 00  00 00 00 00 60 42 00 03 | ............`B..
0000000000002130 | 00 00 00 00 00 00 4C 08  60 00 00 00 00 00 00 80 | ......L.`.......
0000000000002140 | 09 01 0C 00 00 00 00 00  00 30 21 80 01 00 00 00 | .........0!.....
0000000000002150 | 00 00 00 26 04 30 00 00  00 00 00 00 C0 84 00 06 | ...&.0..........
0000000000002160 | 00 00 00 00 00 00 98 10  C0 00 00 00 00 00 00 00 | ................
0000000000002170 | 13 02 18 00 00 00 00 00  00 60 42 00 03 00 00 00 | .........`B.....
0000000000002180 | 00 00 00 4C 08 60 00 00  00 00 00 00 80 09 01 0C | ...L.`..........
0000000000002190 | 00 00 00 00 00 00 30 21  80 01 00 00 00 00 00 00 | ......0!........
00000000000021A0 | 26 04 30 00 00 00 00 00  00 C0 84 00 06 00 00 00 | &.0.............
00000000000021B0 | 00 00 00 98 10 C0 00 00  00 00 00 00 00 13 02 18 | ................
00000000000021C0 | 00 00 00 00 00 00 60 42  00 03 00 00 00 00 00 00 | ......`B........
00000000000021D0 | 4C 08 60 00 00 00 00 00  00 80 09 01 0C 00 00 00 | L.`.............
00000000000021E0 | 00 00 00 30 21 80 01 00  00 00 00 00 00 26 04 30 | ...0!........&.0
00000000000021F0 | 00 00 00 00 00 00 C0 84  00 06 00 00 00 00 00 00 | ................
0000000000002200 | 98 10 C0 00 00 00 00 00  00 00 13 02 18 00 00 00 | ................
0000000000002210 | 00 00 00 60 42 00 03 00  00 00 00 00 00 4C 08 60 | ...`B........L.`
0000000000002220 | 00 00 00 00 00 00 80 09  01 0C 00 00 00 00 00 00 | ................
0000000000002230 | 30 21 80 01 00 00 00 00  00 00 26 04 30 00 00 00 | 0!........&.0...
0000000000002240 | 00 00 00 C0 84 00 06 00  00 00 00 00 00 98 10 C0 | ................
0000000000002250 | 00 00 00 00 00 00 00 13  02 18 00 00 00 00 00 00 | ................
0000000000002260 | 60 42 00 03 00 00 00 00  00 00 4C 08 60 00 00 00 | `B........L.`...
0000000000002270 | 00 00 00 80 09 01 0C 00  00 00 00 00 00 30 21 80 | .............0!.
0000000000002280 | 01 00 00 00 00 00 00 26  04 30 00 00 00 00 00 00 | .......&.0......
0000000000002290 | C0 84 00 06 00 00 00 00  00 00 98 10 C0 00 00 00 | ................
00000000000022A0 | 00 00 00 00 13 02 18 00  00 00 00 00 00 60 42 00 | .............`B.
00000000000022B0 | 03 00 00 00 00 00 00 4C  08 60 00 00 00 00 00 00 | .......L.`......
00000000000022C0 | 80 09 01 0C 00 00 00 00  00 00 30 21 80 01 00 00 | ..........0!....
00000000000022D0 | 00 00 00 00 26 04 30 00  00 00 00 00 00 C0 84 00 | ....&.0.........
00000000000022E0 | 06 00 00 00 00 00 00 98  10 C0 00 00 00 00 00 00 | ................
00000000000022F0 | 00 13 02 18 00 00 00 00  00 00 60 42 00 03 00 00 | ..........`B....
0000000000002300 | 00 00 00 00 4C 08 60 00  00 00 00 00 00 80 09 01 | ....L.`.........
0000000000002310 | 0C 00 00 00 00 00 00 30  21 80 01 00 00 00 00 00 | .......0!.......
0000000000002320 | 00 26 04 30 00 00 00 00  00 00 C0 84 00 06 00 00 | .&.0............
0000000000002330 | 00 00 00 00 98 10 C0 00  00 00 00 00 00 00 13 02 | ................
0000000000002340 | 18 00 00 00 00 00 00 60  42 00 03 00 00 00 00 00 | .......`B.......
0000000000002350 | 00 4C 08 60 00 00 00 00  00 00 80 09 01 0C 00 00 | .L.`............
0000000000002360 | 00 00 00 00 30 21 80 01  00 00 00 00 00 00 26 04 | ....0!........&.
0000000000002370 | 30 00 00 00 00 00 00 C0  84 00 06 00 00 00 00 00 | 0...............
0000000000002380 | 00 98 10 C0 00 00 00 00  00 00 00 13 02 18 00 00 | ................
0000000000002390 | 00 00 00 00 60 42 00 03  00 00 00 00 00 00 4C 08 | ....`B........L.
00000000000023A0 | 60 00 00 00 00 00 00 80  09 01 0C 00 00 00 00 00 | `...............
00000000000023B0 | 00 30 21 80 01 00 00 00  00 00 00 26 04 30 00 00 | .0!........&.0..
00000000000023C0 | 00 00 00 00 C0 84 00 06  00 00 00 00 00 00 98 10 | ................
00000000000023D0 | C0 00 00 00 00 00 00 00  13 02 18 00 00 00 00 00 | ................
00000000000023E0 | 00 60 42 00 03 00 00 00  00 00 00 4C 08 60 00 00 | .`B........L.`..
00000000000023F0 | 00 00 00 00 80 09 01 0C  00 00 00 00 00 00 30 21 | ..............0!
0000000000002400 | 80 01 00 00 00 00 00 00  26 04 30 00 00 00 00 00 | ........&.0.....
0000000000002410 | 00 C0 84 00 06 00 00 00  00 00 00 98 10 C0 00 00 | ................
0000000000002420 | 00 00 00 00 00 13 02 18  00 00 00 00 00 00 60 42 | ..............`B
0000000000002430 | 00 03 00 00 00 00 00 00  4C 08 60 00 00 00 00 00 | ........L.`.....
0000000000002440 | 00 80 09 01 0C 00 00 00  00 00 00 30 21 80 01 00 | ...........0!...
0000000000002450 | 00 00 00 00 00 26 04 30  00 00 00 00 00 00 C0 84 | .....&.0........
0000000000002460 | 00 06 00 00 00 00 00 00  98 10 C0 00 00 00 00 00 | ................
0000000000002470 | 00 00 13 02 18 00 00 00  00 00 00 60 42 00 03 00 | ...........`B...
0000000000002480 | 00 00 00 00 00 4C 08 60  00 00 00 00 00 00 80 09 | .....L.`........
0000000000002490 | 01 0C 00 00 00 00 00 00  30 21 80 01 00 00 00 00 | ........0!......
00000000000024A0 | 00 00 26 04 30 00 00 00  00 00 00 C0 84 00 06 00 | ..&.0...........
00000000000024B0 | 00 00 00 00 00 98 10 C0  00 00 00 00 00 00 00 13 | ................
00000000000024C0 | 02 18 00 00 00 00 00 00  60 42 00 03 00 00 00 00 | ........`B......
00000000000024D0 | 00 00 4C 08 60 00 00 00  00 00 00 80 09 01 0C 00 | ..L.`...........
00000000000024E0 | 00 00 00 00 00 30 21 80  01 00 00 00 00 00 00 26 | .....0!........&
00000000000024F0 | 04 30 00 00 00 00 00 00  C0 84 00 06 00 00 00 00 | .0..............
0000000000002500 | 00 00 98 10 C0 00 00 00  00 00 00 00 13 02 18 00 | ................
0000000000002510 | 00 00 00 00 00 60 42 00  03 00 00 00 00 00 00 4C | .....`B........L
0000000000002520 | 08 60 00 00 00 00 00 00  80 09 01 0C 00 00 00 00 | .`..............
0000000000002530 | 00 00 30 21 80 01 00 00  00 00 00 00 26 04 30 00 | ..0!........&.0.
0000000000002540 | 00 00 00 00 00 C0 84 00  06 00 00 00 00 00 00 98 | ................
0000000000002550 | 10 C0 00 00 00 00 00 00  00 13 02 18 00 00 00 00 | ................
0000000000002560 | 00 00 60 42 00 03 00 00  00 00 00 00 4C 08 60 00 | ..`B........L.`.
0000000000002570 | 00 00 00 00 00 80 09 01  0C 00 00 00 00 00 00 30 | ...............0
0000000000002580 | 21 80 01 00 00 00 00 00  00 26 04 30 00 00 00 00 | !........&.0....
0000000000002590 | 00 00 C0 84 00 06 00 00  00 00 00 00 98 10 C0 00 | ................
00000000000025A0 | 00 00 00 00 00 00 13 02  18 00 00 00 00 00 00 60 | ...............`
00000000000025B0 | 42 00 03 00 00 00 00 00  00 4C 08 60 00 00 00 00 | B........L.`....
00000000000025C0 | 00 00 80 09 01 0C 00 00  00 00 00 00 30 21 80 01 | ............0!..
00000000000025D0 | 00 00 00 00 00 00 26 04  30 00 00 00 00 00 00 C0 | ......&.0.......
00000000000025E0 | 84 00 06 00 00 00 00 00  00 98 10 C0 00 00 00 00 | ................
00000000000025F0 | 00 00 00 13 02 18 00 00  00 00 00 00 60 42 00 03 | ............`B..
0000000000002600 | 00 00 00 00 00 00 4C 08  60 00 00 00 00 00 00 80 | ......L.`.......
0000000000002610 | 09 01 0C 00 00 00 00 00  00 30 21 80 01 00 00 00 | .........0!.....
0000000000002620 | 00 00 00 26 04 30 00 00  00 00 00 00 C0 84 00 06 | ...&.0..........
0000000000002630 | 00 00 00 00 00 00 98 10  C0 00 00 00 00 00 00 00 | ................
0000000000002640 | 13 02 18 00 00 00 00 00  00 60 42 00 03 00 00 00 | .........`B.....
0000000000002650 | 00 00 00 4C 08 60 00 00  00 00 00 00 80 09 01 0C | ...L.`..........
0000000000002660 | 00 00 00 00 00 00 30 21  80 01 00 00 00 00 00 00 | ......0!........
0000000000002670 | 26 04 30 00 00 00 00 00  00 C0 84 00 06 00 00 00 | &.0.............
0000000000002680 | 00 00 00 98 10 C0 00 00  00 00 00 00 00 13 02 18 | ................
0000000000002690 | 00 00 00 00 00 00 60 42  00 03 00 00 00 00 00 00 | ......`B........
00000000000026A0 | 4C 08 60 00 00 00 00 00  00 80 09 01 0C 00 00 00 | L.`.............
00000000000026B0 | 00 00 00 30 21 80 01 00  00 00 00 00 00 26 04 30 | ...0!........&.0
00000000000026C0 | 00 00 00 00 00 00 C0 84  00 06 00 00 00 00 00 00 | ................
00000000000026D0 | 98 10 C0 00 00 00 00 00  00 00 13 02 18 00 00 00 | ................
00000000000026E0 | 00 00 00 60 42 00 03 00  00 00 00 00 00 4C 08 60 | ...`B........L.`
00000000000026F0 | 00 00 00 00 00 00 80 09  01 0C 00 00 00 00 00 00 | ................
0000000000002700 | 30 21 80 01 00 00 00 00  00 00 26 04 30 00 00 00 | 0!........&.0...
0000000000002710 | 00 00 00 C0 84 00 06 00  00 00 00 00 00 98 10 C0 | ................
0000000000002720 | 00 00 00 00 00 00 00 13  02 18 00 00 00 00 00 00 | ................
0000000000002730 | 60 42 00 03 00 00 00 00  00 00 4C 08 60 00 00 00 | `B........L.`...
0000000000002740 | 00 00 00 80 09 01 0C 00  00 00 00 00 00 30 21 80 | .............0!.
0000000000002750 | 01 00 00 00 00 00 00 26  04 30 00 00 00 00 00 00 | .......&.0......
0000000000002760 | C0 84 00 06 00 00 00 00  00 00 98 10 C0 00 00 00 | ................
0000000000002770 | 00 00 00 00 13 02 18 00  00 00 00 00 00 60 42 00 | .............`B.
0000000000002780 | 03 00 00 00 00 00 00 4C  08 60 00 00 00 00 00 00 | .......L.`......
0000000000002790 | 80 09 01 0C 00 00 00 00  00 00 30 21 80 01 00 00 | ..........0!....
00000000000027A0 | 00 00 00 00 26 04 30 00  00 00 00 00 00 C0 84 00 | ....&.0.........
00000000000027B0 | 06 00 00 00 00 00 00 98  10 C0 00 00 00 00 00 00 | ................
00000000000027C0 | 00 13 02 18 00 00 00 00  00 00 60 42 00 03 00 00 | ..........`B....
00000000000027D0 | 00 00 00 00 4C 08 60 00  00 00 00 00 00 80 09 01 | ....L.`.........
00000000000027E0 | 0C 00 00 00 00 00 00 30  21 80 01 00 00 00 00 00 | .......0!.......
00000000000027F0 | 00 26 04 30 00 00 00 00  00 00 C0 84 00 06 00 00 | .&.0............
0000000000002800 | 00 00 00 00 98 10 C0 00  00 00 00 00 00 00 13 02 | ................
0000000000002810 | 18 00 00 00 00 00 00 60  42 00 03 00 00 00 00 00 | .......`B.......
0000000000002820 | 00 4C 08 60 00 00 00 00  00 00 80 09 01 0C 00 00 | .L.`............
0000000000002830 | 00 00 00 00 30 21 80 01  00 00 00 00 00 00 26 04 | ....0!........&.
0000000000002840 | 30 00 00 00 00 00 00 C0  84 00 06 00 00 00 00 00 | 0...............
0000000000002850 | 00 98 10 C0 00 00 00 00  00 00 00 13 02 18 00 00 | ................
0000000000002860 | 00 00 00 00 60 42 00 03  00 00 00 00 00 00 4C 08 | ....`B........L.
0000000000002870 | 60 00 00 00 00 00 00 80  09 01 0C 00 00 00 00 00 | `...............
0000000000002880 | 00 30 21 80 01 00 00 00  00 00 00 26 04 30 00 00 | .0!........&.0..
0000000000002890 | 00 00 00 00 C0 84 00 06  00 00 00 00 00 00 98 10 | ................
00000000000028A0 | C0 00 00 00 00 00 00 00  13 02 18 00 00 00 00 00 | ................
00000000000028B0 | 00 60 42 00 03 00 00 00  00 00 00 4C 08 60 00 00 | .`B........L.`..
00000000000028C0 | 00 00 00 00 80 09 01 0C  00 00 00 00 00 00 30 21 | ..............0!
00000000000028D0 | 80 01 00 00 00 00 00 00  26 04 30 00 00 00 00 00 | ........&.0.....
00000000000028E0 | 00 C0 84 00 06 00 00 00  00 00 00 98 10 C0 00 00 | ................
00000000000028F0 | 00 00 00 00 00 13 02 18  00 00 00 00 00 00 60 42 | ..............`B
0000000000002900 | 00 03 00 00 00 00 00 00  4C 08 60 00 00 00 00 00 | ........L.`.....
0000000000002910 | 00 80 09 01 0C 00 00 00  00 00 00 30 21 80 01 00 | ...........0!...
0000000000002920 | 00 00 00 00 00 26 04 30  00 00 00 00 00 00 C0 84 | .....&.0........
0000000000002930 | 00 06 00 00 00 00 00 00  98 10 C0 00 00 00 00 00 | ................
0000000000002940 | 00 00 13 02 18 00 00 00  00 00 00 60 42 00 03 00 | ...........`B...
0000000000002950 | 00 00 00 00 00 4C 08 60  00 00 00 00 00 00 80 09 | .....L.`........
0000000000002960 | 01 0C 00 00 00 00 00 00  30 21 80 01 00 00 00 00 | ........0!......
0000000000002970 | 00 00 26 04 30 00 00 00  00 00 00 C0 84 00 06 00 | ..&.0...........
0000000000002980 | 00 00 00 00 00 98 10 C0  00 00 00 00 00 00 00 13 | ................
0000000000002990 | 02 18 00 00 00 00 00 00  60 42 00 03 00 00 00 00 | ........`B......
00000000000029A0 | 00 00 4C 08 60 00 00 00  00 00 00 80 09 01 0C 00 | ..L.`...........
00000000000029B0 | 00 00 00 00 00 30 21 80  01 00 00 00 00 00 00 26 | .....0!........&
00000000000029C0 | 04 30 00 00 00 00 00 00  C0 84 00 06 00 00 00 00 | .0..............
00000000000029D0 | 00 00 98 10 C0 00 00 00  00 00 00 00 13 02 18 00 | ................
00000000000029E0 | 00 00 00 00 00 60 42 00  03 00 00 00 00 00 00 4C | .....`B........L
00000000000029F0 | 08 60 00 00 00 00 00 00  80 09 01 0C 00 00 00 00 | .`..............
0000000000002A00 | 00 00 30 21 80 01 00 00  00 00 00 00 26 04 30 00 | ..0!........&.0.
0000000000002A10 | 00 00 00 00 00 C0 84 00  06 00 00 00 00 00 00 98 | ................
0000000000002A20 | 10 C0 00 00 00 00 00 00  00 13 02 18 00 00 00 00 | ................
0000000000002A30 | 00 00 60 42 00 03 00 00  00 00 00 00 4C 08 60 00 | ..`B........L.`.
0000000000002A40 | 00 00 00 00 00 80 09 01  0C 00 00 00 00 00 00 30 | ...............0
0000000000002A50 | 21 80 01 00 00 00 00 00  00 26 04 30 00 00 00 00 | !........&.0....
0000000000002A60 | 00 00 C0 84 00 06 00 00  00 00 00 00 98 10 C0 00 | ................
0000000000002A70 | 00 00 00 00 00 00 13 02  18 00 00 00 00 00 00 60 | ...............`
0000000000002A80 | 42 00 03 00 00 00 00 00  00 4C 08 60 00 00 00 00 | B........L.`....
0000000000002A90 | 00 00 80 09 01 0C 00 00  00 00 00 00 30 21 80 01 | ............0!..
0000000000002AA0 | 00 00 00 00 00 00 26 04  30 00 00 00 00 00 00 C0 | ......&.0.......
0000000000002AB0 | 84 00 06 00 00 00 00 00  00 98 10 C0 00 00 00 00 | ................
0000000000002AC0 | 00 00 00 13 02 18 00 00  00 00 00 00 60 42 00 03 | ............`B..
0000000000002AD0 | 00 00 00 00 00 00 4C 08  60 00 00 00 00 00 00 80 | ......L.`.......
0000000000002AE0 | 09 01 0C 00 00 00 00 00  00 30 21 80 01 00 00 00 | .........0!.....
0000000000002AF0 | 00 00 00 26 04 30 00 00  00 00 00 00 C0 84 00 06 | ...&.0..........
0000000000002B00 | 00 00 00 00 00 00 98 10  C0 00 00 00 00 00 00 00 | ................
0000000000002B10 | 13 02 18 00 00 00 00 00  00 60 42 00 03 00 00 00 | .........`B.....
0000000000002B20 | 00 00 00 4C 08 60 00 00  00 00 00 00 80 09 01 0C | ...L.`..........
0000000000002B30 | 00 00 00 00 00 00 30 21  80 01 00 00 00 00 00 00 | ......0!........
0000000000002B40 | 26 04 30 00 00 00 00 00  00 C0 84 00 06 00 00 00 | &.0.............
0000000000002B50 | 00 00 00 98 10 C0 00 00  00 00 00 00 00 13 02 18 | ................
0000000000002B60 | 00 00 00 00 00 00 60 42  00 03 00 00 00 00 00 00 | ......`B........
0000000000002B70 | 4C 08 60 00 00 00 00 00  00 80 09 01 0C 00 00 00 | L.`.............
0000000000002B80 | 00 00 00 30 21 80 01 00  00 00 00 00 00 26 04 30 | ...0!........&.0
0000000000002B90 | 00 00 00 00 00 00 C0 84  00 06 00 00 00 00 00 00 | ................
0000000000002BA0 | 98 10 C0 00 00 00 00 00  00 00 13 02 18 00 00 00 | ................
0000000000002BB0 | 00 00 00 60 42 00 03 00  00 00 00 00 00 4C 08 60 | ...`B........L.`
0000000000002BC0 | 00 00 00 00 00 00 80 09  01 0C 00 00 00 00 00 00 | ................
0000000000002BD0 | 30 21 80 01 00 00 00 00  00 00 26 04 30 00 00 00 | 0!........&.0...
0000000000002BE0 | 00 00 00 C0 84 00 06 00  00 00 00 00 00 98 10 C0 | ................
0000000000002BF0 | 00 00 00 00 00 00 00 13  02 18 00 00 00 00 00 00 | ................
0000000000002C00 | 60 42 00 03 00 00 00 00  00 00 4C 08 60 00 00 00 | `B........L.`...
0000000000002C10 | 00 00 00 80 09 01 0C 00  00 00 00 00 00 30 21 80 | .............0!.
0000000000002C20 | 01 00 00 00 00 00 00 26  04 30 00 00 00 00 00 00 | .......&.0......
0000000000002C30 | C0 84 00 06 00 00 00 00  00 00 98 10 C0 00 00 00 | ................
0000000000002C40 | 00 00 00 00 13 02 18 00  00 00 00 00 00 60 42 00 | .............`B.
0000000000002C50 | 03 00 00 00 00 00 00 4C  08 60 00 00 00 00 00 00 | .......L.`......
0000000000002C60 | 80 09 01 0C 00 00 00 00  00 00 30 21 80 01 00 00 | ..........0!....
0000000000002C70 | 00 00 00 00 26 02 62 80  3B DB 98 24 0D D0 00 00 | ....&.b.;..$....
0000000000002C80 | 00 00 49 45 4E 44 AE 42  60 82 00 00 03 09 49 50 | ..IEND.B`.....IP
0000000000002C90 | 4E 47 89 50 4E 47 0D 0A  1A 0A 00 00 00 0D 49 48 | NG.PNG........IH
0000000000002CA0 | 44 52 00 00 00 40 00 00  00 40 08 06 00 00 00 AA | DR...@...@......
0000000000002CB0 | 69 71 DE 00 00 00 09 70  48 59 73 00 00 0B 12 00 | iq.....pHYs.....
0000000000002CC0 | 00 0B 12 01 D2 DD 7E FC  00 00 00 13 74 45 58 74 | ......~.....tEXt
0000000000002CD0 | 6F 62 6A 65 63 74 20 74  79 70 65 00 74 65 78 74 | object type.text
0000000000002CE0 | 75 72 65 68 09 4E 6A 00  00 00 16 77 61 44 41 69 | ureh.Nj....waDAi
0000000000002CF0 | 6D 61 67 65 20 70 6F 73  69 74 69 6F 6E 31 20 78 | mage position1 x
0000000000002D00 | 00 00 00 00 00 87 13 4E  65 00 00 00 16 77 61 44 | .......Ne....waD
0000000000002D10 | 41 69 6D 61 67 65 20 70  6F 73 69 74 69 6F 6E 31 | Aimage position1
0000000000002D20 | 20 79 00 00 00 00 00 4C  4F 9D C0 00 00 00 16 77 |  y.....LO......w
0000000000002D30 | 61 44 41 69 6D 61 67 65  20 70 6F 73 69 74 69 6F | aDAimage positio
0000000000002D40 | 6E 32 20 78 00 00 00 00  3F BF FA 64 BB 00 00 00 | n2 x....?..d....
0000000000002D50 | 16 77 61 44 41 69 6D 61  67 65 20 70 6F 73 69 74 | .waDAimage posit
0000000000002D60 | 69 6F 6E 32 20 79 00 00  00 00 00 C2 C0 9A 23 00 | ion2 y........#.
0000000000002D70 | 00 00 16 77 61 44 41 69  6D 61 67 65 20 70 6F 73 | ...waDAimage pos
0000000000002D80 | 69 74 69 6F 6E 33 20 78  00 00 00 00 3F 73 50 64 | ition3 x....?sPd
0000000000002D90 | 25 00 00 00 16 77 61 44  41 69 6D 61 67 65 20 70 | %....waDAimage p
0000000000002DA0 | 6F 73 69 74 69 6F 6E 33  20 79 00 00 00 00 3F B8 | osition3 y....?.
0000000000002DB0 | 0C B7 80 00 00 00 16 77  61 44 41 69 6D 61 67 65 | .......waDAimage
0000000000002DC0 | 20 70 6F 73 69 74 69 6F  6E 34 20 78 00 00 00 00 |  position4 x....
0000000000002DD0 | 00 CF F3 40 01 00 00 00  16 77 61 44 41 69 6D 61 | ...@.....waDAima
0000000000002DE0 | 67 65 20 70 6F 73 69 74  69 6F 6E 34 20 79 00 00 | ge position4 y..
0000000000002DF0 | 00 00 3F B2 C9 BE 99 00  00 00 10 77 61 44 41 69 | ..?........waDAi
0000000000002E00 | 6D 61 67 65 20 61 6C 70  68 61 00 00 00 00 FF 86 | mage alpha......
0000000000002E10 | 1C 5A 2D 00 00 00 11 77  61 44 41 69 6D 61 67 65 | .Z-....waDAimage
0000000000002E20 | 20 68 69 64 64 65 6E 00  00 00 00 00 F9 29 EB 1A |  hidden......)..
0000000000002E30 | 00 00 00 19 77 61 44 41  74 65 78 74 75 72 65 20 | ....waDAtexture 
0000000000002E40 | 6F 62 6A 65 63 74 20 74  79 70 65 00 63 6F 6C 6F | object type.colo
0000000000002E50 | 72 A6 92 70 71 00 00 00  13 77 61 44 41 74 65 78 | r..pq....waDAtex
0000000000002E60 | 74 75 72 65 20 63 6F 6C  6F 72 31 00 00 FF FF FF | ture color1.....
0000000000002E70 | 21 40 AE C1 00 00 00 13  77 61 44 41 74 65 78 74 | !@......waDAtext
0000000000002E80 | 75 72 65 20 63 6F 6C 6F  72 32 00 00 00 00 00 A7 | ure color2......
0000000000002E90 | 6A FA 7D 00 00 00 12 77  61 44 41 74 65 78 74 75 | j.}....waDAtextu
0000000000002EA0 | 72 65 20 61 6E 67 6C 65  00 00 00 00 00 B8 88 77 | re angle.......w
0000000000002EB0 | B2 00 00 00 12 77 61 44  41 74 65 78 74 75 72 65 | .....waDAtexture
0000000000002EC0 | 20 6C 65 76 65 6C 00 00  00 00 00 CD A5 47 71 00 |  level.......Gq.
0000000000002ED0 | 00 00 12 77 61 44 41 74  65 78 74 75 72 65 20 70 | ...waDAtexture p
0000000000002EE0 | 61 74 68 6E 61 6D 65 00  40 96 3F 89 D5 00 00 00 | athname.@.?.....
0000000000002EF0 | 96 49 44 41 54 78 9C ED  D0 41 11 C0 30 00 C3 B0 | .IDATx...A..0...
0000000000002F00 | 75 FC 39 A7 30 F4 A8 85  C0 E7 B3 6D DF C3 7E 1D | u.9.0......m..~.
0000000000002F10 | A0 35 40 07 68 0D D0 01  5A 03 74 80 D6 00 1D A0 | .5@.h...Z.t.....
0000000000002F20 | 35 40 07 68 0D D0 01 5A  03 74 80 D6 00 1D A0 35 | 5@.h...Z.t.....5
0000000000002F30 | 40 07 68 0D D0 01 5A 03  74 80 D6 00 1D A0 35 40 | @.h...Z.t.....5@
0000000000002F40 | 07 68 0D D0 01 5A 03 74  80 D6 00 1D A0 35 40 07 | .h...Z.t.....5@.
0000000000002F50 | 68 0D D0 01 5A 03 74 80  D6 00 1D A0 35 40 07 68 | h...Z.t.....5@.h
0000000000002F60 | 0D D0 01 5A 03 74 80 D6  00 1D A0 35 40 07 68 0D | ...Z.t.....5@.h.
0000000000002F70 | D0 01 5A 03 74 80 D6 00  1D A0 35 40 07 68 0D D0 | ..Z.t.....5@.h..
0000000000002F80 | 01 5A 03 74 80 76 01 55  3A 04 7C 1B CF 26 4D 00 | .Z.t.v.U:.|..&M.
0000000000002F90 | 00 00 00 49 45 4E 44 AE  42 60 82 00 00 09 BE 49 | ...IEND.B`.....I
0000000000002FA0 | 50 4E 47 89 50 4E 47 0D  0A 1A 0A 00 00 00 0D 49 | PNG.PNG........I
0000000000002FB0 | 48 44 52 00 00 02 34 00  00 00 9E 08 06 00 00 00 | HDR...4.........
0000000000002FC0 | 25 93 90 A2 00 00 00 09  70 48 59 73 00 00 0B 12 | %.......pHYs....
0000000000002FD0 | 00 00 0B 12 01 D2 DD 7E  FC 00 00 00 11 74 45 58 | .......~.....tEX
0000000000002FE0 | 74 6F 62 6A 65 63 74 20  74 79 70 65 00 69 6D 61 | tobject type.ima
0000000000002FF0 | 67 65 11 2A 85 AB 00 00  00 15 77 61 44 41 6F 62 | ge.*......waDAob
0000000000003000 | 6A 65 63 74 20 73 75 62  74 79 70 65 00 76 65 63 | ject subtype.vec
0000000000003010 | 74 6F 72 FA F8 BA 8C 00  00 00 16 77 61 44 41 69 | tor........waDAi
0000000000003020 | 6D 61 67 65 20 70 6F 73  69 74 69 6F 6E 31 20 78 | mage position1 x
0000000000003030 | 00 00 00 01 37 26 B5 DA  2B 00 00 00 16 77 61 44 | ....7&..+....waD
0000000000003040 | 41 69 6D 61 67 65 20 70  6F 73 69 74 69 6F 6E 31 | Aimage position1
0000000000003050 | 20 79 00 00 00 01 3F E3  32 81 BC 00 00 00 16 77 |  y....?.2......w
0000000000003060 | 61 44 41 69 6D 61 67 65  20 70 6F 73 69 74 69 6F | aDAimage positio
0000000000003070 | 6E 32 20 78 00 00 00 03  6A 8F D6 92 03 00 00 00 | n2 x....j.......
0000000000003080 | 16 77 61 44 41 69 6D 61  67 65 20 70 6F 73 69 74 | .waDAimage posit
0000000000003090 | 69 6F 6E 32 20 79 00 00  00 01 3F 6D BD 86 5F 00 | ion2 y....?m.._.
00000000000030A0 | 00 00 16 77 61 44 41 69  6D 61 67 65 20 70 6F 73 | ...waDAimage pos
00000000000030B0 | 69 74 69 6F 6E 33 20 78  00 00 00 03 6A 43 7C 92 | ition3 x....jC|.
00000000000030C0 | 9D 00 00 00 16 77 61 44  41 69 6D 61 67 65 20 70 | .....waDAimage p
00000000000030D0 | 6F 73 69 74 69 6F 6E 33  20 79 00 00 00 01 DC 98 | osition3 y......
00000000000030E0 | 14 35 03 00 00 00 16 77  61 44 41 69 6D 61 67 65 | .5.....waDAimage
00000000000030F0 | 20 70 6F 73 69 74 69 6F  6E 34 20 78 00 00 00 01 |  position4 x....
0000000000003100 | 37 6E 55 D4 4F 00 00 00  16 77 61 44 41 69 6D 61 | 7nU.O....waDAima
0000000000003110 | 67 65 20 70 6F 73 69 74  69 6F 6E 34 20 79 00 00 | ge position4 y..
0000000000003120 | 00 01 DC 92 D1 3C 1A 00  00 00 10 77 61 44 41 69 | .....<.....waDAi
0000000000003130 | 6D 61 67 65 20 61 6C 70  68 61 00 00 00 00 FF 86 | mage alpha......
0000000000003140 | 1C 5A 2D 00 00 00 11 77  61 44 41 69 6D 61 67 65 | .Z-....waDAimage
0000000000003150 | 20 68 69 64 64 65 6E 00  00 00 00 00 F9 29 EB 1A |  hidden......)..
0000000000003160 | 00 00 00 12 77 61 44 41  76 65 63 74 6F 72 20 63 | ....waDAvector c
0000000000003170 | 6C 6F 73 65 64 00 00 00  00 01 61 F8 56 29 00 00 | losed.....a.V)..
0000000000003180 | 00 13 77 61 44 41 76 65  63 74 6F 72 20 71 75 61 | ..waDAvector qua
0000000000003190 | 6C 69 74 79 00 00 00 00  01 BA B9 6F D6 00 00 00 | lity.......o....
00000000000031A0 | 18 77 61 44 41 76 65 63  74 6F 72 20 65 6C 65 6D | .waDAvector elem
00000000000031B0 | 65 6E 74 20 74 79 70 65  00 00 00 00 04 A1 6D A0 | ent type......m.
00000000000031C0 | 56 00 00 00 18 77 61 44  41 76 65 63 74 6F 72 20 | V....waDAvector 
00000000000031D0 | 73 74 72 6F 6B 65 20 73  74 79 6C 65 00 00 00 00 | stroke style....
00000000000031E0 | 00 0C 12 72 FA 00 00 00  16 77 61 44 41 76 65 63 | ...r.....waDAvec
00000000000031F0 | 74 6F 72 20 73 74 72 6F  6B 65 20 63 61 70 00 00 | tor stroke cap..
0000000000003200 | 00 00 00 E3 8D 8A FE 00  00 00 17 77 61 44 41 76 | ...........waDAv
0000000000003210 | 65 63 74 6F 72 20 73 74  72 6F 6B 65 20 6A 6F 69 | ector stroke joi
0000000000003220 | 6E 00 00 00 00 02 1F 7B  CF 6E 00 00 00 1F 77 61 | n......{.n....wa
0000000000003230 | 44 41 76 65 63 74 6F 72  20 73 74 61 72 74 20 73 | DAvector start s
0000000000003240 | 74 72 6F 6B 65 20 6D 61  72 6B 65 72 00 00 00 00 | troke marker....
0000000000003250 | 00 A8 05 5E 26 00 00 00  1D 77 61 44 41 76 65 63 | ...^&....waDAvec
0000000000003260 | 74 6F 72 20 65 6E 64 20  73 74 72 6F 6B 65 20 6D | tor end stroke m
0000000000003270 | 61 72 6B 65 72 00 00 00  00 00 09 EE A9 A5 00 00 | arker...........
0000000000003280 | 00 1D 77 61 44 41 76 65  63 74 6F 72 20 73 74 61 | ..waDAvector sta
0000000000003290 | 72 74 20 6D 61 72 6B 65  72 20 73 69 7A 65 00 00 | rt marker size..
00000000000032A0 | 00 00 04 0F 03 68 70 00  00 00 1B 77 61 44 41 76 | .....hp....waDAv
00000000000032B0 | 65 63 74 6F 72 20 65 6E  64 20 6D 61 72 6B 65 72 | ector end marker
00000000000032C0 | 20 73 69 7A 65 00 00 00  00 04 DE AF 07 11 00 00 |  size...........
00000000000032D0 | 00 1C 77 61 44 41 76 65  63 74 6F 72 20 73 74 72 | ..waDAvector str
00000000000032E0 | 6F 6B 65 20 77 69 64 74  68 00 3F F0 00 00 00 00 | oke width.?.....
00000000000032F0 | 00 00 4F C0 D9 82 00 00  00 18 77 61 44 41 76 65 | ..O.......waDAve
0000000000003300 | 63 74 6F 72 20 6D 61 74  72 69 78 20 61 00 40 09 | ctor matrix a.@.
0000000000003310 | 97 45 D1 74 5D 17 83 C7  0E 98 00 00 00 18 77 61 | .E.t].........wa
0000000000003320 | 44 41 76 65 63 74 6F 72  20 6D 61 74 72 69 78 20 | DAvector matrix 
0000000000003330 | 62 00 00 00 00 00 00 00  00 00 05 53 7B C9 00 00 | b..........S{...
0000000000003340 | 00 18 77 61 44 41 76 65  63 74 6F 72 20 6D 61 74 | ..waDAvector mat
0000000000003350 | 72 69 78 20 63 00 00 00  00 00 00 00 00 00 EA 91 | rix c...........
0000000000003360 | 10 F7 00 00 00 18 77 61  44 41 76 65 63 74 6F 72 | ......waDAvector
0000000000003370 | 20 6D 61 74 72 69 78 20  64 00 3F F9 E5 9B B6 1A |  matrix d.?.....
0000000000003380 | 64 4A FB 29 98 A8 00 00  00 18 77 61 44 41 76 65 | dJ.)......waDAve
0000000000003390 | 63 74 6F 72 20 6D 61 74  72 69 78 20 65 00 C0 49 | ctor matrix e..I
00000000000033A0 | 01 C1 17 45 D1 70 20 2A  A0 8C 00 00 00 18 77 61 | ...E.p *......wa
00000000000033B0 | 44 41 76 65 63 74 6F 72  20 6D 61 74 72 69 78 20 | DAvector matrix 
00000000000033C0 | 66 00 40 62 AC 9F 84 9E  59 BB A6 F8 1D 49 00 00 | f.@b....Y....I..
00000000000033D0 | 00 20 77 61 44 41 76 65  63 74 6F 72 20 6F 72 69 | . waDAvector ori
00000000000033E0 | 67 69 6E 61 6C 20 70 6F  73 69 74 69 6F 6E 31 20 | ginal position1 
00000000000033F0 | 78 00 00 00 00 71 82 DF  8B 51 00 00 00 20 77 61 | x....q...Q... wa
0000000000003400 | 44 41 76 65 63 74 6F 72  20 6F 72 69 67 69 6E 61 | DAvector origina
0000000000003410 | 6C 20 70 6F 73 69 74 69  6F 6E 31 20 79 00 00 00 | l position1 y...
0000000000003420 | 00 69 5A EF C0 A2 00 00  00 20 77 61 44 41 76 65 | .iZ...... waDAve
0000000000003430 | 63 74 6F 72 20 6F 72 69  67 69 6E 61 6C 20 70 6F | ctor original po
0000000000003440 | 73 69 74 69 6F 6E 32 20  78 00 00 00 01 21 7E 20 | sition2 x....!~ 
0000000000003450 | EC 07 00 00 00 20 77 61  44 41 76 65 63 74 6F 72 | ..... waDAvector
0000000000003460 | 20 6F 72 69 67 69 6E 61  6C 20 70 6F 73 69 74 69 |  original positi
0000000000003470 | 6F 6E 32 20 79 00 00 00  00 69 D4 60 C7 41 00 00 | on2 y....i.`.A..
0000000000003480 | 00 20 77 61 44 41 76 65  63 74 6F 72 20 6F 72 69 | . waDAvector ori
0000000000003490 | 67 69 6E 61 6C 20 70 6F  73 69 74 69 6F 6E 33 20 | ginal position3 
00000000000034A0 | 78 00 00 00 01 21 B2 8A  EC 99 00 00 00 20 77 61 | x....!....... wa
00000000000034B0 | 44 41 76 65 63 74 6F 72  20 6F 72 69 67 69 6E 61 | DAvector origina
00000000000034C0 | 6C 20 70 6F 73 69 74 69  6F 6E 33 20 79 00 00 00 | l position3 y...
00000000000034D0 | 00 CA 57 15 35 8D 00 00  00 20 77 61 44 41 76 65 | ..W.5.... waDAve
00000000000034E0 | 63 74 6F 72 20 6F 72 69  67 69 6E 61 6C 20 70 6F | ctor original po
00000000000034F0 | 73 69 74 69 6F 6E 34 20  78 00 00 00 00 71 CA 3F | sition4 x....q.?
0000000000003500 | 85 35 00 00 00 20 77 61  44 41 76 65 63 74 6F 72 | .5... waDAvector
0000000000003510 | 20 6F 72 69 67 69 6E 61  6C 20 70 6F 73 69 74 69 |  original positi
0000000000003520 | 6F 6E 34 20 79 00 00 00  00 CA 5D D0 3C 94 00 00 | on4 y.....].<...
0000000000003530 | 00 21 77 61 44 41 76 65  63 74 6F 72 20 65 6E 61 | .!waDAvector ena
0000000000003540 | 62 6C 65 20 73 74 72 6F  6B 65 20 74 65 78 74 75 | ble stroke textu
0000000000003550 | 72 65 00 00 00 00 01 10  BD 47 43 00 00 00 1F 77 | re.......GC....w
0000000000003560 | 61 44 41 76 65 63 74 6F  72 20 65 6E 61 62 6C 65 | aDAvector enable
0000000000003570 | 20 66 69 6C 6C 20 74 65  78 74 75 72 65 00 00 00 |  fill texture...
0000000000003580 | 00 01 94 DD B4 D1 00 00  00 1E 77 61 44 41 76 65 | ..........waDAve
0000000000003590 | 63 74 6F 72 20 65 66 66  65 63 74 20 6F 62 6A 65 | ctor effect obje
00000000000035A0 | 63 74 20 74 79 70 65 00  6E 6F 6E 65 78 01 C3 67 | ct type.nonex..g
00000000000035B0 | 00 00 03 99 49 44 41 54  78 9C ED D6 51 6E DA 40 | ....IDATx...Qn.@
00000000000035C0 | 14 40 D1 37 55 57 D7 D5  75 8D DD 48 FA 11 29 C2 | .@.7UW..u..H..).
00000000000035D0 | 29 18 DB 20 55 57 3A E7  23 21 D6 8C C7 13 63 B8 | ).. UW:.#!....c.
00000000000035E0 | 6B 66 3E 06 00 20 EC E7  CC CC AF DF 7F 66 CD CC | kf>.. .......f..
00000000000035F0 | E7 8F AF 5F 9F AF BF FE  58 73 F3 72 3B E6 E9 DC | ..._....Xs.r;...
0000000000003600 | D9 CC DD 9C 6B 67 DC F1  35 D6 9D 35 0E 5C CB DD | ....kg..5..5.\..
0000000000003610 | E3 EB D2 FE 1E 8F 5B 6F  D8 DF CD B9 CE EC 6F 77 | ......[o......ow
0000000000003620 | 8D F5 E0 F8 76 C2 2B F7  E0 FA FF 70 ED 8E 3B BF | ....v.+....p..;.
0000000000003630 | C6 76 91 D7 DE C7 EB D4  DC E7 E3 D6 1B F6 B7 9D | .v..............
0000000000003640 | F9 70 DC A1 FD DD AE 7D  FF 3D 72 ED 1A D7 E5 B9 | .p.....}.=r.....
0000000000003650 | FF 8E 5B 27 F7 F1 EC F8  7B EF C1 91 B9 C7 D7 B8 | ..['....{.......
0000000000003660 | B9 CA 17 AE 6F 5E BC 07  F7 D7 5E 77 D6 B8 7A 8D | ....o^....^w..z.
0000000000003670 | E7 3F 27 F7 C7 9D 7B 4E  F7 D7 7E CF 3D 38 F2 39 | .?'...{N..~.=8.9
0000000000003680 | 79 7E 8D 03 DF A5 3B E7  FC B6 BB B7 7D 57 AD 6F | y~....;.....}W.o
0000000000003690 | 13 2F 3D A7 9B B9 CF 9F  D1 B5 D6 FC 18 00 80 38 | ./=............8
00000000000036A0 | 41 03 00 E4 09 1A 00 20  4F D0 00 00 79 82 06 00 | A...... O...y...
00000000000036B0 | C8 13 34 00 40 9E A0 01  00 F2 04 0D 00 90 27 68 | ..4.@.........'h
00000000000036C0 | 00 80 3C 41 03 00 E4 09  1A 00 20 4F D0 00 00 79 | ..<A...... O...y
00000000000036D0 | 82 06 00 C8 13 34 00 40  9E A0 01 00 F2 04 0D 00 | .....4.@........
00000000000036E0 | 90 27 68 00 80 3C 41 03  00 E4 09 1A 00 20 4F D0 | .'h..<A...... O.
00000000000036F0 | 00 00 79 82 06 00 C8 13  34 00 40 9E A0 01 00 F2 | ..y.....4.@.....
0000000000003700 | 04 0D 00 90 27 68 00 80  3C 41 03 00 E4 09 1A 00 | ....'h..<A......
0000000000003710 | 20 4F D0 00 00 79 82 06  00 C8 13 34 00 40 9E A0 |  O...y.....4.@..
0000000000003720 | 01 00 F2 04 0D 00 90 27  68 00 80 3C 41 03 00 E4 | .......'h..<A...
0000000000003730 | 09 1A 00 20 4F D0 00 00  79 82 06 00 C8 13 34 00 | ... O...y.....4.
0000000000003740 | 40 9E A0 01 00 F2 04 0D  00 90 27 68 00 80 3C 41 | @.........'h..<A
0000000000003750 | 03 00 E4 09 1A 00 20 4F  D0 00 00 79 82 06 00 C8 | ...... O...y....
0000000000003760 | 13 34 00 40 9E A0 01 00  F2 04 0D 00 90 27 68 00 | .4.@.........'h.
0000000000003770 | 80 3C 41 03 00 E4 09 1A  00 20 4F D0 00 00 79 82 | .<A...... O...y.
0000000000003780 | 06 00 C8 13 34 00 40 9E  A0 01 00 F2 04 0D 00 90 | ....4.@.........
0000000000003790 | 27 68 00 80 3C 41 03 00  E4 09 1A 00 20 4F D0 00 | 'h..<A...... O..
00000000000037A0 | 00 79 82 06 00 C8 13 34  00 40 9E A0 01 00 F2 04 | .y.....4.@......
00000000000037B0 | 0D 00 90 27 68 00 80 3C  41 03 00 E4 09 1A 00 20 | ...'h..<A...... 
00000000000037C0 | 4F D0 00 00 79 82 06 00  C8 13 34 00 40 9E A0 01 | O...y.....4.@...
00000000000037D0 | 00 F2 04 0D 00 90 27 68  00 80 3C 41 03 00 E4 09 | ......'h..<A....
00000000000037E0 | 1A 00 20 4F D0 00 00 79  82 06 00 C8 13 34 00 40 | .. O...y.....4.@
00000000000037F0 | 9E A0 01 00 F2 04 0D 00  90 27 68 00 80 3C 41 03 | .........'h..<A.
0000000000003800 | 00 E4 09 1A 00 20 4F D0  00 00 79 82 06 00 C8 13 | ..... O...y.....
0000000000003810 | 34 00 40 9E A0 01 00 F2  04 0D 00 90 27 68 00 80 | 4.@.........'h..
0000000000003820 | 3C 41 03 00 E4 09 1A 00  20 4F D0 00 00 79 82 06 | <A...... O...y..
0000000000003830 | 00 C8 13 34 00 40 9E A0  01 00 F2 04 0D 00 90 27 | ...4.@.........'
0000000000003840 | 68 00 80 3C 41 03 00 E4  09 1A 00 20 4F D0 00 00 | h..<A...... O...
0000000000003850 | 79 82 06 00 C8 13 34 00  40 9E A0 01 00 F2 04 0D | y.....4.@.......
0000000000003860 | 00 90 27 68 00 80 3C 41  03 00 E4 09 1A 00 20 4F | ..'h..<A...... O
0000000000003870 | D0 00 00 79 82 06 00 C8  13 34 00 40 9E A0 01 00 | ...y.....4.@....
0000000000003880 | F2 04 0D 00 90 27 68 00  80 3C 41 03 00 E4 09 1A | .....'h..<A.....
0000000000003890 | 00 20 4F D0 00 00 79 82  06 00 C8 13 34 00 40 9E | . O...y.....4.@.
00000000000038A0 | A0 01 00 F2 04 0D 00 90  27 68 00 80 3C 41 03 00 | ........'h..<A..
00000000000038B0 | E4 09 1A 00 20 4F D0 00  00 79 82 06 00 C8 13 34 | .... O...y.....4
00000000000038C0 | 00 40 9E A0 01 00 F2 04  0D 00 90 27 68 00 80 3C | .@.........'h..<
00000000000038D0 | 41 03 00 E4 09 1A 00 20  4F D0 00 00 79 82 06 00 | A...... O...y...
00000000000038E0 | C8 13 34 00 40 9E A0 01  00 F2 04 0D 00 90 27 68 | ..4.@.........'h
00000000000038F0 | 00 80 3C 41 03 00 E4 09  1A 00 20 4F D0 00 00 79 | ..<A...... O...y
0000000000003900 | 82 06 00 C8 13 34 00 40  9E A0 01 00 F2 04 0D 00 | .....4.@........
0000000000003910 | 90 27 68 00 80 3C 41 03  00 E4 09 1A 00 20 4F D0 | .'h..<A...... O.
0000000000003920 | 00 00 79 82 06 00 C8 13  34 00 40 9E A0 01 00 F2 | ..y.....4.@.....
0000000000003930 | 04 0D 00 90 27 68 00 80  3C 41 03 00 E4 09 1A 00 | ....'h..<A......
0000000000003940 | 20 6F CD CC C7 FF BE 08  00 80 57 FC 05 93 F4 06 |  o........W.....
0000000000003950 | 3B AE 9C 50 E0 00 00 00  00 49 45 4E 44 AE 42 60 | ;..P.....IEND.B`
0000000000003960 | 82 00 00 03 3F 49 50 4E  47 89 50 4E 47 0D 0A 1A | ....?IPNG.PNG...
0000000000003970 | 0A 00 00 00 0D 49 48 44  52 00 00 00 40 00 00 00 | .....IHDR...@...
0000000000003980 | 40 08 06 00 00 00 AA 69  71 DE 00 00 00 13 74 45 | @......iq.....tE
0000000000003990 | 58 74 6F 62 6A 65 63 74  20 74 79 70 65 00 74 65 | Xtobject type.te
00000000000039A0 | 78 74 75 72 65 68 09 4E  6A 00 00 00 16 77 61 44 | xtureh.Nj....waD
00000000000039B0 | 41 69 6D 61 67 65 20 70  6F 73 69 74 69 6F 6E 31 | Aimage position1
00000000000039C0 | 20 78 00 00 00 00 00 87  13 4E 65 00 00 00 16 77 |  x.......Ne....w
00000000000039D0 | 61 44 41 69 6D 61 67 65  20 70 6F 73 69 74 69 6F | aDAimage positio
00000000000039E0 | 6E 31 20 79 00 00 00 00  00 4C 4F 9D C0 00 00 00 | n1 y.....LO.....
00000000000039F0 | 16 77 61 44 41 69 6D 61  67 65 20 70 6F 73 69 74 | .waDAimage posit
0000000000003A00 | 69 6F 6E 32 20 78 00 00  00 00 3F BF FA 64 BB 00 | ion2 x....?..d..
0000000000003A10 | 00 00 16 77 61 44 41 69  6D 61 67 65 20 70 6F 73 | ...waDAimage pos
0000000000003A20 | 69 74 69 6F 6E 32 20 79  00 00 00 00 00 C2 C0 9A | ition2 y........
0000000000003A30 | 23 00 00 00 16 77 61 44  41 69 6D 61 67 65 20 70 | #....waDAimage p
0000000000003A40 | 6F 73 69 74 69 6F 6E 33  20 78 00 00 00 00 3F 73 | osition3 x....?s
0000000000003A50 | 50 64 25 00 00 00 16 77  61 44 41 69 6D 61 67 65 | Pd%....waDAimage
0000000000003A60 | 20 70 6F 73 69 74 69 6F  6E 33 20 79 00 00 00 00 |  position3 y....
0000000000003A70 | 3F B8 0C B7 80 00 00 00  16 77 61 44 41 69 6D 61 | ?........waDAima
0000000000003A80 | 67 65 20 70 6F 73 69 74  69 6F 6E 34 20 78 00 00 | ge position4 x..
0000000000003A90 | 00 00 00 CF F3 40 01 00  00 00 16 77 61 44 41 69 | .....@.....waDAi
0000000000003AA0 | 6D 61 67 65 20 70 6F 73  69 74 69 6F 6E 34 20 79 | mage position4 y
0000000000003AB0 | 00 00 00 00 3F B2 C9 BE  99 00 00 00 10 77 61 44 | ....?........waD
0000000000003AC0 | 41 69 6D 61 67 65 20 61  6C 70 68 61 00 00 00 00 | Aimage alpha....
0000000000003AD0 | FF 86 1C 5A 2D 00 00 00  11 77 61 44 41 69 6D 61 | ...Z-....waDAima
0000000000003AE0 | 67 65 20 68 69 64 64 65  6E 00 00 00 00 00 F9 29 | ge hidden......)
0000000000003AF0 | EB 1A 00 00 00 24 77 61  44 41 74 65 78 74 75 72 | .....$waDAtextur
0000000000003B00 | 65 20 6F 62 6A 65 63 74  20 74 79 70 65 00 67 72 | e object type.gr
0000000000003B10 | 61 64 61 74 69 6F 6E 20  6C 69 6E 65 61 72 3B D8 | adation linear;.
0000000000003B20 | BE 7F 00 00 00 13 77 61  44 41 74 65 78 74 75 72 | ......waDAtextur
0000000000003B30 | 65 20 63 6F 6C 6F 72 31  00 00 E2 90 4A 6C D0 AE | e color1....Jl..
0000000000003B40 | 89 00 00 00 13 77 61 44  41 74 65 78 74 75 72 65 | .....waDAtexture
0000000000003B50 | 20 63 6F 6C 6F 72 32 00  00 FF FF FF A7 D4 DC 6F |  color2........o
0000000000003B60 | 00 00 00 12 77 61 44 41  74 65 78 74 75 72 65 20 | ....waDAtexture 
0000000000003B70 | 61 6E 67 6C 65 00 00 00  00 00 B8 88 77 B2 00 00 | angle.......w...
0000000000003B80 | 00 12 77 61 44 41 74 65  78 74 75 72 65 20 6C 65 | ..waDAtexture le
0000000000003B90 | 76 65 6C 00 00 00 00 00  CD A5 47 71 00 00 00 12 | vel.......Gq....
0000000000003BA0 | 77 61 44 41 74 65 78 74  75 72 65 20 70 61 74 68 | waDAtexture path
0000000000003BB0 | 6E 61 6D 65 00 40 96 3F  89 D5 00 00 00 D6 49 44 | name.@.?......ID
0000000000003BC0 | 41 54 78 9C ED D0 BB 0D  C2 40 14 05 D1 F7 29 8F | ATx......@....).
0000000000003BD0 | EA 68 91 46 20 31 12 20  23 C2 13 70 27 5A 79 EF | .h.F 1. #..p'Zy.
0000000000003BE0 | CA A3 E9 CB F5 76 DF E9  DA AE DA E9 DA A9 DA A9 | .....v..........
0000000000003BF0 | 9A 7E 9E DF EF E6 D7 76  AA B6 BF 6F B7 BB E6 64 | .~.....v...o...d
0000000000003C00 | BB 73 7C EF 97 ED F1 7E  4E B6 EF FF 3D D9 7E 7A | .s|....~N...=.~z
0000000000003C10 | 9F 6C 77 BA A6 FE 9C 04  D0 02 9A 04 D0 02 9A 04 | .lw.............
0000000000003C20 | D0 02 9A 04 D0 02 9A 04  D0 02 9A 04 D0 02 9A 04 | ................
0000000000003C30 | D0 02 9A 04 D0 02 9A 04  D0 02 9A 04 D0 02 9A 04 | ................
0000000000003C40 | D0 02 9A 04 D0 02 9A 04  D0 02 9A 04 D0 02 9A 04 | ................
0000000000003C50 | D0 02 9A 04 D0 02 9A 04  D0 02 9A 04 D0 02 9A 04 | ................
0000000000003C60 | D0 02 9A 04 D0 02 9A 04  D0 02 9A 04 D0 02 9A 04 | ................
0000000000003C70 | D0 02 9A 04 D0 02 9A 04  D0 02 9A 04 D0 02 9A 04 | ................
0000000000003C80 | D0 02 9A 04 D0 02 9A 04  D0 02 9A 04 D0 02 9A 04 | ................
0000000000003C90 | D0 02 9A 07 36 2E 04 7A  7E CC 2B 44 00 00 00 00 | ....6..z~.+D....
0000000000003CA0 | 49 45 4E 44 AE 42 60 82  00 00 00 A9 49 50 4E 47 | IEND.B`.....IPNG
0000000000003CB0 | 89 50 4E 47 0D 0A 1A 0A  00 00 00 0D 49 48 44 52 | .PNG........IHDR
0000000000003CC0 | 00 00 00 4C 00 00 00 01  08 06 00 00 00 74 51 48 | ...L.........tQH
0000000000003CD0 | 99 00 00 00 09 70 48 59  73 00 00 0B 12 00 00 0B | .....pHYs.......
0000000000003CE0 | 12 01 D2 DD 7E FC 00 00  00 12 74 45 58 74 6F 62 | ....~.....tEXtob
0000000000003CF0 | 6A 65 63 74 20 74 79 70  65 00 76 65 63 74 6F 72 | ject type.vector
0000000000003D00 | A1 6A 69 DF 00 00 00 3D  49 44 41 54 78 9C 63 60 | .ji....=IDATx.c`
0000000000003D10 | 60 60 65 60 60 60 64 00  81 18 07 06 07 10 1D 05 | ``e```d.........
0000000000003D20 | A5 89 03 4C 0C 7F 03 CE  FD 2F 92 FF 4F 91 DE 5F | ...L...../..O.._
0000000000003D30 | 0B E7 FC CF 8C FF 4F 92  5E 10 00 B9 99 74 BD CC | ......O.^....t..
0000000000003D40 | C4 2B 45 03 00 66 05 17  CA 71 84 D2 1D 00 00 00 | .+E..f...q......
0000000000003D50 | 00 49 45 4E 44 AE 42 60  82 00 00 03 09 49 50 4E | .IEND.B`.....IPN
0000000000003D60 | 47 89 50 4E 47 0D 0A 1A  0A 00 00 00 0D 49 48 44 | G.PNG........IHD
0000000000003D70 | 52 00 00 00 40 00 00 00  40 08 06 00 00 00 AA 69 | R...@...@......i
0000000000003D80 | 71 DE 00 00 00 09 70 48  59 73 00 00 0B 12 00 00 | q.....pHYs......
0000000000003D90 | 0B 12 01 D2 DD 7E FC 00  00 00 13 74 45 58 74 6F | .....~.....tEXto
0000000000003DA0 | 62 6A 65 63 74 20 74 79  70 65 00 74 65 78 74 75 | bject type.textu
0000000000003DB0 | 72 65 68 09 4E 6A 00 00  00 16 77 61 44 41 69 6D | reh.Nj....waDAim
0000000000003DC0 | 61 67 65 20 70 6F 73 69  74 69 6F 6E 31 20 78 00 | age position1 x.
0000000000003DD0 | 00 00 00 00 87 13 4E 65  00 00 00 16 77 61 44 41 | ......Ne....waDA
0000000000003DE0 | 69 6D 61 67 65 20 70 6F  73 69 74 69 6F 6E 31 20 | image position1 
0000000000003DF0 | 79 00 00 00 00 00 4C 4F  9D C0 00 00 00 16 77 61 | y.....LO......wa
0000000000003E00 | 44 41 69 6D 61 67 65 20  70 6F 73 69 74 69 6F 6E | DAimage position
0000000000003E10 | 32 20 78 00 00 00 00 3F  BF FA 64 BB 00 00 00 16 | 2 x....?..d.....
0000000000003E20 | 77 61 44 41 69 6D 61 67  65 20 70 6F 73 69 74 69 | waDAimage positi
0000000000003E30 | 6F 6E 32 20 79 00 00 00  00 00 C2 C0 9A 23 00 00 | on2 y........#..
0000000000003E40 | 00 16 77 61 44 41 69 6D  61 67 65 20 70 6F 73 69 | ..waDAimage posi
0000000000003E50 | 74 69 6F 6E 33 20 78 00  00 00 00 3F 73 50 64 25 | tion3 x....?sPd%
0000000000003E60 | 00 00 00 16 77 61 44 41  69 6D 61 67 65 20 70 6F | ....waDAimage po
0000000000003E70 | 73 69 74 69 6F 6E 33 20  79 00 00 00 00 3F B8 0C | sition3 y....?..
0000000000003E80 | B7 80 00 00 00 16 77 61  44 41 69 6D 61 67 65 20 | ......waDAimage 
0000000000003E90 | 70 6F 73 69 74 69 6F 6E  34 20 78 00 00 00 00 00 | position4 x.....
0000000000003EA0 | CF F3 40 01 00 00 00 16  77 61 44 41 69 6D 61 67 | ..@.....waDAimag
0000000000003EB0 | 65 20 70 6F 73 69 74 69  6F 6E 34 20 79 00 00 00 | e position4 y...
0000000000003EC0 | 00 3F B2 C9 BE 99 00 00  00 10 77 61 44 41 69 6D | .?........waDAim
0000000000003ED0 | 61 67 65 20 61 6C 70 68  61 00 00 00 00 FF 86 1C | age alpha.......
0000000000003EE0 | 5A 2D 00 00 00 11 77 61  44 41 69 6D 61 67 65 20 | Z-....waDAimage 
0000000000003EF0 | 68 69 64 64 65 6E 00 00  00 00 00 F9 29 EB 1A 00 | hidden......)...
0000000000003F00 | 00 00 19 77 61 44 41 74  65 78 74 75 72 65 20 6F | ...waDAtexture o
0000000000003F10 | 62 6A 65 63 74 20 74 79  70 65 00 63 6F 6C 6F 72 | bject type.color
0000000000003F20 | A6 92 70 71 00 00 00 13  77 61 44 41 74 65 78 74 | ..pq....waDAtext
0000000000003F30 | 75 72 65 20 63 6F 6C 6F  72 31 00 00 00 00 00 21 | ure color1.....!
0000000000003F40 | FE 88 D3 00 00 00 13 77  61 44 41 74 65 78 74 75 | .......waDAtextu
0000000000003F50 | 72 65 20 63 6F 6C 6F 72  32 00 00 00 00 00 A7 6A | re color2......j
0000000000003F60 | FA 7D 00 00 00 12 77 61  44 41 74 65 78 74 75 72 | .}....waDAtextur
0000000000003F70 | 65 20 61 6E 67 6C 65 00  00 00 00 00 B8 88 77 B2 | e angle.......w.
0000000000003F80 | 00 00 00 12 77 61 44 41  74 65 78 74 75 72 65 20 | ....waDAtexture 
0000000000003F90 | 6C 65 76 65 6C 00 00 00  00 00 CD A5 47 71 00 00 | level.......Gq..
0000000000003FA0 | 00 12 77 61 44 41 74 65  78 74 75 72 65 20 70 61 | ..waDAtexture pa
0000000000003FB0 | 74 68 6E 61 6D 65 00 40  96 3F 89 D5 00 00 00 96 | thname.@.?......
0000000000003FC0 | 49 44 41 54 78 9C ED D0  41 11 C0 30 00 C3 B0 AC | IDATx...A..0....
0000000000003FD0 | FC 39 77 30 F4 A8 85 C0  E7 6F DB DD C3 8E 0E D0 | .9w0.....o......
0000000000003FE0 | 1A A0 03 B4 06 E8 00 AD  01 3A 40 6B 80 0E D0 1A | .........:@k....
0000000000003FF0 | A0 03 B4 06 E8 00 AD 01  3A 40 6B 80 0E D0 1A A0 | ........:@k.....
0000000000004000 | 03 B4 06 E8 00 AD 01 3A  40 6B 80 0E D0 1A A0 03 | .......:@k......
0000000000004010 | B4 06 E8 00 AD 01 3A 40  6B 80 0E D0 1A A0 03 B4 | ......:@k.......
0000000000004020 | 06 E8 00 AD 01 3A 40 6B  80 0E D0 1A A0 03 B4 06 | .....:@k........
0000000000004030 | E8 00 AD 01 3A 40 6B 80  0E D0 1A A0 03 B4 06 E8 | ....:@k.........
0000000000004040 | 00 AD 01 3A 40 6B 80 0E  D0 1A A0 03 B4 06 E8 00 | ...:@k..........
0000000000004050 | AD 01 3A 40 FB 01 50 B4  01 7F 00 2A 64 F9 00 00 | ..:@..P....*d...
0000000000004060 | 00 00 49 45 4E 44 AE 42  60 82 00 00 00 00 4D 45 | ..IEND.B`.....ME
0000000000004070 | 4E 44                                            | ND              
