# FileDumpOut Hex Dump
Source-File: 白い塗りつぶし四角に黒い枠.mif
Source-Path: D:\DelphiProg\test\FileDumpOut\mif\白い塗りつぶし四角に黒い枠.mif
File-Size: 7403 bytes
Last-Modified-UTC: 2026-08-18T05:10:06.329Z
Generated-UTC: 2026-08-18T05:10:16.355Z
Bytes-Per-Line: 16
Columns: offset | hexadecimal bytes | ASCII (non-printable bytes are periods)

OFFSET           | 00 01 02 03 04 05 06 07  08 09 0A 0B 0C 0D 0E 0F | ASCII
-----------------+---------------------------------------------------+-----------------
0000000000000000 | 4D 49 4D 47 0D 0A 1A 00  00 00 00 04 4D 48 44 52 | MIMG........MHDR
0000000000000010 | 00 00 00 06 00 00 0B 93  49 50 4E 47 89 50 4E 47 | ........IPNG.PNG
0000000000000020 | 0D 0A 1A 0A 00 00 00 0D  49 48 44 52 00 00 02 80 | ........IHDR....
0000000000000030 | 00 00 01 E0 08 06 00 00  00 35 D1 DC E4 00 00 00 | .........5......
0000000000000040 | 09 70 48 59 73 00 00 0B  12 00 00 0B 12 01 D2 DD | .pHYs...........
0000000000000050 | 7E FC 00 00 00 20 74 45  58 74 61 70 70 6C 69 63 | ~.... tEXtapplic
0000000000000060 | 61 74 69 6F 6E 20 6E 61  6D 65 00 57 65 62 41 72 | ation name.WebAr
0000000000000070 | 74 20 44 65 73 69 67 6E  65 72 6A 3D ED 32 00 00 | t Designerj=.2..
0000000000000080 | 00 18 77 61 44 41 61 70  70 6C 69 63 61 74 69 6F | ..waDAapplicatio
0000000000000090 | 6E 20 76 65 72 73 69 6F  6E 00 00 00 02 BC 03 6E | n version......n
00000000000000A0 | 03 91 00 00 00 1A 77 61  44 41 62 61 63 6B 67 72 | ......waDAbackgr
00000000000000B0 | 6F 75 6E 64 20 70 61 67  65 20 69 6E 64 65 78 00 | ound page index.
00000000000000C0 | 00 00 00 00 CF 2C 84 A8  00 00 0A CF 49 44 41 54 | .....,......IDAT
00000000000000D0 | 78 9C ED D6 C1 69 5D 41  14 04 D1 17 83 12 D1 C2 | x....i]A........
00000000000000E0 | 02 67 A2 74 E5 CC 6C 94  81 16 8D 3F 97 3A 0D 67 | .g.t..l....?.:.g
00000000000000F0 | 3F 8B 0B 53 CF DB C7 E7  5F 00 00 3A 9E 57 3F 00 | ?..S...._..:.W?.
0000000000000100 | 00 80 FF 4B 00 02 00 C4  08 40 00 80 18 01 08 00 | ...K.....@......
0000000000000110 | 10 23 00 01 00 62 04 20  00 40 8C 00 04 00 88 11 | .#...b. .@......
0000000000000120 | 80 00 00 31 02 10 00 20  46 00 02 00 C4 08 40 00 | ...1... F.....@.
0000000000000130 | 80 18 01 08 00 10 23 00  01 00 62 04 20 00 40 8C | ......#...b. .@.
0000000000000140 | 00 04 00 88 11 80 00 00  31 02 10 00 20 46 00 02 | ........1... F..
0000000000000150 | 00 C4 08 40 00 80 18 01  08 00 10 23 00 01 00 62 | ...@.......#...b
0000000000000160 | 04 20 00 40 8C 00 04 00  88 11 80 00 00 31 02 10 | . .@.........1..
0000000000000170 | 00 20 46 00 02 00 C4 08  40 00 80 18 01 08 00 10 | . F.....@.......
0000000000000180 | 23 00 01 00 62 04 20 00  40 8C 00 04 00 88 11 80 | #...b. .@.......
0000000000000190 | 00 00 31 02 10 00 20 46  00 02 00 C4 08 40 00 80 | ..1... F.....@..
00000000000001A0 | 18 01 08 00 10 23 00 01  00 62 04 20 00 40 8C 00 | .....#...b. .@..
00000000000001B0 | 04 00 88 11 80 00 00 31  02 10 00 20 46 00 02 00 | .......1... F...
00000000000001C0 | C4 08 40 00 80 18 01 08  00 10 23 00 01 00 62 04 | ..@.......#...b.
00000000000001D0 | 20 00 40 8C 00 04 00 88  11 80 00 00 31 02 10 00 |  .@.........1...
00000000000001E0 | 20 46 00 02 00 C4 08 40  00 80 18 01 08 00 10 23 |  F.....@.......#
00000000000001F0 | 00 01 00 62 04 20 00 40  8C 00 04 00 88 11 80 00 | ...b. .@........
0000000000000200 | 00 31 02 10 00 20 46 00  02 00 C4 08 40 00 80 18 | .1... F.....@...
0000000000000210 | 01 08 00 10 23 00 01 00  62 04 20 00 40 8C 00 04 | ....#...b. .@...
0000000000000220 | 00 88 11 80 00 00 31 02  10 00 20 46 00 02 00 C4 | ......1... F....
0000000000000230 | 08 40 00 80 18 01 08 00  10 23 00 01 00 62 04 20 | .@.......#...b. 
0000000000000240 | 00 40 8C 00 04 00 88 11  80 00 00 31 02 10 00 20 | .@.........1... 
0000000000000250 | 46 00 02 00 C4 08 40 00  80 18 01 08 00 10 23 00 | F.....@.......#.
0000000000000260 | 01 00 62 04 20 00 40 8C  00 04 00 88 11 80 00 00 | ..b. .@.........
0000000000000270 | 31 02 10 00 20 46 00 02  00 C4 08 40 00 80 18 01 | 1... F.....@....
0000000000000280 | 08 00 10 23 00 01 00 62  04 20 00 40 8C 00 04 00 | ...#...b. .@....
0000000000000290 | 88 11 80 00 00 31 02 10  00 20 46 00 02 00 C4 08 | .....1... F.....
00000000000002A0 | 40 00 80 18 01 08 00 10  23 00 01 00 62 04 20 00 | @.......#...b. .
00000000000002B0 | 40 8C 00 04 00 88 11 80  00 00 31 02 10 00 20 46 | @.........1... F
00000000000002C0 | 00 02 00 C4 08 40 00 80  18 01 08 00 10 23 00 01 | .....@.......#..
00000000000002D0 | 00 62 04 20 00 40 8C 00  04 00 88 11 80 00 00 31 | .b. .@.........1
00000000000002E0 | 02 10 00 20 46 00 02 00  C4 08 40 00 80 18 01 08 | ... F.....@.....
00000000000002F0 | 00 10 23 00 01 00 62 04  20 00 40 8C 00 04 00 88 | ..#...b. .@.....
0000000000000300 | 11 80 00 00 31 02 10 00  20 46 00 02 00 C4 08 40 | ....1... F.....@
0000000000000310 | 00 80 18 01 08 00 10 23  00 01 00 62 04 20 00 40 | .......#...b. .@
0000000000000320 | 8C 00 04 00 88 11 80 00  00 31 02 10 00 20 46 00 | .........1... F.
0000000000000330 | 02 00 C4 08 40 00 80 18  01 08 00 10 23 00 01 00 | ....@.......#...
0000000000000340 | 62 04 20 00 40 8C 00 04  00 88 11 80 00 00 31 02 | b. .@.........1.
0000000000000350 | 10 00 20 46 00 02 00 C4  08 40 00 80 18 01 08 00 | .. F.....@......
0000000000000360 | 10 23 00 01 00 62 04 20  00 40 8C 00 04 00 88 11 | .#...b. .@......
0000000000000370 | 80 00 00 31 02 10 00 20  46 00 02 00 C4 08 40 00 | ...1... F.....@.
0000000000000380 | 80 18 01 08 00 10 23 00  01 00 62 04 20 00 40 8C | ......#...b. .@.
0000000000000390 | 00 04 00 88 11 80 00 00  31 02 10 00 20 46 00 02 | ........1... F..
00000000000003A0 | 00 C4 08 40 00 80 18 01  08 00 10 23 00 01 00 62 | ...@.......#...b
00000000000003B0 | 04 20 00 40 8C 00 04 00  88 11 80 00 00 31 02 10 | . .@.........1..
00000000000003C0 | 00 20 46 00 02 00 C4 08  40 00 80 18 01 08 00 10 | . F.....@.......
00000000000003D0 | 23 00 01 00 62 04 20 00  40 8C 00 04 00 88 11 80 | #...b. .@.......
00000000000003E0 | 00 00 31 02 10 00 20 46  00 02 00 C4 08 40 00 80 | ..1... F.....@..
00000000000003F0 | 18 01 08 00 10 23 00 01  00 62 04 20 00 40 8C 00 | .....#...b. .@..
0000000000000400 | 04 00 88 11 80 00 00 31  02 10 00 20 46 00 02 00 | .......1... F...
0000000000000410 | C4 08 40 00 80 18 01 08  00 10 23 00 01 00 62 04 | ..@.......#...b.
0000000000000420 | 20 00 40 8C 00 04 00 88  11 80 00 00 31 02 10 00 |  .@.........1...
0000000000000430 | 20 46 00 02 00 C4 08 40  00 80 18 01 08 00 10 23 |  F.....@.......#
0000000000000440 | 00 01 00 62 04 20 00 40  8C 00 04 00 88 11 80 00 | ...b. .@........
0000000000000450 | 00 31 02 10 82 9E E7 81  B9 57 DF 35 F0 73 02 10 | .1.......W.5.s..
0000000000000460 | 82 BE 3F 6B B3 E5 04 20  DC 22 00 21 48 00 DA 7A | ..?k... .".!H..z
0000000000000470 | 02 10 6E 11 80 10 24 00  6D 3D 01 08 B7 08 40 08 | ..n...$.m=....@.
0000000000000480 | 12 80 B6 9E 00 84 5B 04  20 04 09 40 5B 4F 00 C2 | ......[. ..@[O..
0000000000000490 | 2D 02 10 82 04 A0 AD 27  00 E1 16 01 08 41 02 D0 | -......'.....A..
00000000000004A0 | D6 13 80 70 8B 00 84 20  01 68 EB 09 40 B8 45 00 | ...p... .h..@.E.
00000000000004B0 | 42 90 00 B4 F5 04 20 DC  22 00 21 48 00 DA 7A 02 | B..... .".!H..z.
00000000000004C0 | 10 6E 11 80 10 24 00 6D  3D 01 08 B7 08 40 08 12 | .n...$.m=....@..
00000000000004D0 | 80 B6 9E 00 84 5B 04 20  04 09 40 5B 4F 00 C2 2D | .....[. ..@[O..-
00000000000004E0 | 02 10 82 04 A0 AD 27 00  E1 16 01 08 41 02 D0 D6 | ......'.....A...
00000000000004F0 | 13 80 70 8B 00 84 20 01  68 EB 09 40 B8 45 00 42 | ..p... .h..@.E.B
0000000000000500 | 90 00 B4 F5 04 20 DC 22  00 21 48 00 DA 7A 02 10 | ..... .".!H..z..
0000000000000510 | 6E 11 80 10 24 00 6D 3D  01 08 B7 08 40 08 12 80 | n...$.m=....@...
0000000000000520 | B6 9E 00 84 5B 04 20 04  09 40 5B 4F 00 C2 2D 02 | ....[. ..@[O..-.
0000000000000530 | 10 82 04 A0 AD 27 00 E1  16 01 08 41 02 D0 D6 13 | .....'.....A....
0000000000000540 | 80 70 8B 00 84 20 01 68  EB 09 40 B8 45 00 42 90 | .p... .h..@.E.B.
0000000000000550 | 00 B4 F5 04 20 DC 22 00  21 48 00 DA 7A 02 10 6E | .... .".!H..z..n
0000000000000560 | 11 80 10 24 00 6D 3D 01  08 B7 08 40 08 12 80 B6 | ...$.m=....@....
0000000000000570 | 9E 00 84 5B 04 20 04 09  40 5B 4F 00 C2 2D 02 10 | ...[. ..@[O..-..
0000000000000580 | 82 04 A0 AD 27 00 E1 16  01 08 41 02 D0 D6 13 80 | ....'.....A.....
0000000000000590 | 70 8B 00 84 20 01 68 EB  09 40 B8 45 00 42 90 00 | p... .h..@.E.B..
00000000000005A0 | B4 F5 04 20 DC 22 00 21  48 00 DA 7A 02 10 6E 11 | ... .".!H..z..n.
00000000000005B0 | 80 10 24 00 6D 3D 01 08  B7 08 40 08 12 80 B6 9E | ..$.m=....@.....
00000000000005C0 | 00 84 5B 04 20 04 09 40  5B 4F 00 C2 2D 02 10 82 | ..[. ..@[O..-...
00000000000005D0 | 04 A0 AD 27 00 E1 16 01  08 41 02 D0 D6 13 80 70 | ...'.....A.....p
00000000000005E0 | 8B 00 84 20 01 68 EB 09  40 B8 45 00 42 90 00 B4 | ... .h..@.E.B...
00000000000005F0 | F5 04 20 DC 22 00 21 48  00 DA 7A 02 10 6E 11 80 | .. .".!H..z..n..
0000000000000600 | 10 24 00 6D 3D 01 08 B7  08 40 08 12 80 B6 9E 00 | .$.m=....@......
0000000000000610 | 84 5B 04 20 04 09 40 5B  4F 00 C2 2D 02 10 82 04 | .[. ..@[O..-....
0000000000000620 | A0 AD 27 00 E1 16 01 08  41 02 D0 D6 13 80 70 8B | ..'.....A.....p.
0000000000000630 | 00 84 20 01 68 EB 09 40  B8 45 00 42 90 00 B4 F5 | .. .h..@.E.B....
0000000000000640 | 04 20 DC 22 00 21 48 00  DA 7A 02 10 6E 11 80 10 | . .".!H..z..n...
0000000000000650 | 24 00 6D 3D 01 08 B7 08  40 08 12 80 B6 9E 00 84 | $.m=....@.......
0000000000000660 | 5B 04 20 04 09 40 5B 4F  00 C2 2D 02 10 82 04 A0 | [. ..@[O..-.....
0000000000000670 | AD 27 00 E1 16 01 08 41  02 D0 D6 13 80 70 8B 00 | .'.....A.....p..
0000000000000680 | 84 20 01 68 EB 09 40 B8  45 00 42 90 00 B4 F5 04 | . .h..@.E.B.....
0000000000000690 | 20 DC 22 00 21 48 00 DA  7A 02 10 6E 11 80 10 24 |  .".!H..z..n...$
00000000000006A0 | 00 6D 3D 01 08 B7 08 40  08 12 80 B6 9E 00 84 5B | .m=....@.......[
00000000000006B0 | 04 20 04 09 40 5B 4F 00  C2 2D 02 10 82 04 A0 AD | . ..@[O..-......
00000000000006C0 | 27 00 E1 16 01 08 41 02  D0 D6 13 80 70 8B 00 84 | '.....A.....p...
00000000000006D0 | 20 01 68 EB 09 40 B8 45  00 42 90 00 B4 F5 04 20 |  .h..@.E.B..... 
00000000000006E0 | DC 22 00 21 48 00 DA 7A  02 10 6E 11 80 10 24 00 | .".!H..z..n...$.
00000000000006F0 | 6D 3D 01 08 B7 08 40 08  12 80 B6 9E 00 84 5B 04 | m=....@.......[.
0000000000000700 | 20 04 09 40 5B 4F 00 C2  2D 02 10 82 04 A0 AD 27 |  ..@[O..-......'
0000000000000710 | 00 E1 16 01 08 41 02 D0  D6 13 80 70 8B 00 84 20 | .....A.....p... 
0000000000000720 | 01 68 EB 09 40 B8 45 00  42 90 00 B4 F5 04 20 DC | .h..@.E.B..... .
0000000000000730 | 22 00 21 48 00 DA 7A 02  10 6E 11 80 10 24 00 6D | ".!H..z..n...$.m
0000000000000740 | 3D 01 08 B7 08 40 08 12  80 B6 9E 00 84 5B 04 20 | =....@.......[. 
0000000000000750 | 04 09 40 5B 4F 00 C2 2D  02 10 82 04 A0 AD 27 00 | ..@[O..-......'.
0000000000000760 | E1 16 01 08 41 02 D0 D6  13 80 70 8B 00 84 20 01 | ....A.....p... .
0000000000000770 | 68 EB 09 40 B8 45 00 42  90 00 B4 F5 04 20 DC 22 | h..@.E.B..... ."
0000000000000780 | 00 21 48 00 DA 7A 02 10  6E 11 80 10 24 00 6D 3D | .!H..z..n...$.m=
0000000000000790 | 01 08 B7 08 40 08 12 80  B6 9E 00 84 5B 04 20 04 | ....@.......[. .
00000000000007A0 | 09 40 5B 4F 00 C2 2D 02  10 82 04 A0 AD 27 00 E1 | .@[O..-......'..
00000000000007B0 | 16 01 08 41 02 D0 D6 13  80 70 8B 00 84 20 01 68 | ...A.....p... .h
00000000000007C0 | EB 09 40 B8 45 00 42 90  00 B4 F5 04 20 DC 22 00 | ..@.E.B..... .".
00000000000007D0 | 21 48 00 DA 7A 02 10 6E  11 80 10 F4 FD 59 7F 7D | !H..z..n.....Y.}
00000000000007E0 | FD 81 19 01 08 B7 08 40  08 7A FF F5 1B E6 5E 7D | .......@.z....^}
00000000000007F0 | D7 C0 CF 09 40 00 80 18  01 08 00 10 23 00 01 00 | ....@.......#...
0000000000000800 | 62 04 20 00 40 8C 00 04  00 88 11 80 00 00 31 02 | b. .@.........1.
0000000000000810 | 10 00 20 46 00 02 00 C4  08 40 00 80 18 01 08 00 | .. F.....@......
0000000000000820 | 10 23 00 01 00 62 04 20  00 40 8C 00 04 00 88 11 | .#...b. .@......
0000000000000830 | 80 00 00 31 02 10 00 20  46 00 02 00 C4 08 40 00 | ...1... F.....@.
0000000000000840 | 80 18 01 08 00 10 23 00  01 00 62 04 20 00 40 8C | ......#...b. .@.
0000000000000850 | 00 04 00 88 11 80 00 00  31 02 10 00 20 46 00 02 | ........1... F..
0000000000000860 | 00 C4 08 40 00 80 18 01  08 00 10 23 00 01 00 62 | ...@.......#...b
0000000000000870 | 04 20 00 40 8C 00 04 00  88 11 80 00 00 31 02 10 | . .@.........1..
0000000000000880 | 00 20 46 00 02 00 C4 08  40 00 80 18 01 08 00 10 | . F.....@.......
0000000000000890 | 23 00 01 00 62 04 20 00  40 8C 00 04 00 88 11 80 | #...b. .@.......
00000000000008A0 | 00 00 31 02 10 00 20 46  00 02 00 C4 08 40 00 80 | ..1... F.....@..
00000000000008B0 | 18 01 08 00 10 23 00 01  00 62 04 20 00 40 8C 00 | .....#...b. .@..
00000000000008C0 | 04 00 88 11 80 00 00 31  02 10 00 20 46 00 02 00 | .......1... F...
00000000000008D0 | C4 08 40 00 80 18 01 08  00 10 23 00 01 00 62 04 | ..@.......#...b.
00000000000008E0 | 20 00 40 8C 00 04 00 88  11 80 00 00 31 02 10 00 |  .@.........1...
00000000000008F0 | 20 46 00 02 00 C4 08 40  00 80 18 01 08 00 10 23 |  F.....@.......#
0000000000000900 | 00 01 00 62 04 20 00 40  8C 00 04 00 88 11 80 00 | ...b. .@........
0000000000000910 | 00 31 02 10 00 20 46 00  02 00 C4 08 40 00 80 18 | .1... F.....@...
0000000000000920 | 01 08 00 10 23 00 01 00  62 04 20 00 40 8C 00 04 | ....#...b. .@...
0000000000000930 | 00 88 11 80 00 00 31 02  10 00 20 46 00 02 00 C4 | ......1... F....
0000000000000940 | 08 40 00 80 18 01 08 00  10 23 00 01 00 62 04 20 | .@.......#...b. 
0000000000000950 | 00 40 8C 00 04 00 88 11  80 00 00 31 02 10 00 20 | .@.........1... 
0000000000000960 | 46 00 02 00 C4 08 40 00  80 18 01 08 00 10 23 00 | F.....@.......#.
0000000000000970 | 01 00 62 04 20 00 40 8C  00 04 00 88 11 80 00 00 | ..b. .@.........
0000000000000980 | 31 02 10 00 20 46 00 02  00 C4 08 40 00 80 18 01 | 1... F.....@....
0000000000000990 | 08 00 10 23 00 01 00 62  04 20 00 40 8C 00 04 00 | ...#...b. .@....
00000000000009A0 | 88 11 80 00 00 31 02 10  00 20 46 00 02 00 C4 08 | .....1... F.....
00000000000009B0 | 40 00 80 18 01 08 00 10  23 00 01 00 62 04 20 00 | @.......#...b. .
00000000000009C0 | 40 8C 00 04 00 88 11 80  00 00 31 02 10 00 20 46 | @.........1... F
00000000000009D0 | 00 02 00 C4 08 40 00 80  18 01 08 00 10 23 00 01 | .....@.......#..
00000000000009E0 | 00 62 04 20 00 40 8C 00  04 00 88 11 80 00 00 31 | .b. .@.........1
00000000000009F0 | 02 10 00 20 46 00 02 00  C4 08 40 00 80 18 01 08 | ... F.....@.....
0000000000000A00 | 00 10 23 00 01 00 62 04  20 00 40 8C 00 04 00 88 | ..#...b. .@.....
0000000000000A10 | 11 80 00 00 31 02 10 00  20 46 00 02 00 C4 08 40 | ....1... F.....@
0000000000000A20 | 00 80 18 01 08 00 10 23  00 01 00 62 04 20 00 40 | .......#...b. .@
0000000000000A30 | 8C 00 04 00 88 11 80 00  00 31 02 10 00 20 46 00 | .........1... F.
0000000000000A40 | 02 00 C4 08 40 00 80 18  01 08 00 10 23 00 01 00 | ....@.......#...
0000000000000A50 | 62 04 20 00 40 8C 00 04  00 88 11 80 00 00 31 02 | b. .@.........1.
0000000000000A60 | 10 00 20 46 00 02 00 C4  08 40 00 80 18 01 08 00 | .. F.....@......
0000000000000A70 | 10 23 00 01 00 62 04 20  00 40 8C 00 04 00 88 11 | .#...b. .@......
0000000000000A80 | 80 00 00 31 02 10 00 20  46 00 02 00 C4 08 40 00 | ...1... F.....@.
0000000000000A90 | 80 18 01 08 00 10 23 00  01 00 62 04 20 00 40 8C | ......#...b. .@.
0000000000000AA0 | 00 04 00 88 11 80 00 00  31 02 10 00 20 46 00 02 | ........1... F..
0000000000000AB0 | 00 C4 08 40 00 80 18 01  08 00 10 23 00 01 00 62 | ...@.......#...b
0000000000000AC0 | 04 20 00 40 8C 00 04 00  88 11 80 00 00 31 02 10 | . .@.........1..
0000000000000AD0 | 00 20 46 00 02 00 C4 08  40 00 80 18 01 08 00 10 | . F.....@.......
0000000000000AE0 | 23 00 01 00 62 04 20 00  40 8C 00 04 00 88 11 80 | #...b. .@.......
0000000000000AF0 | 00 00 31 02 10 00 20 46  00 02 00 C4 08 40 00 80 | ..1... F.....@..
0000000000000B00 | 18 01 08 00 10 23 00 01  00 62 04 20 00 40 8C 00 | .....#...b. .@..
0000000000000B10 | 04 00 88 11 80 00 00 31  02 10 00 20 46 00 02 00 | .......1... F...
0000000000000B20 | C4 08 40 00 80 18 01 08  00 10 23 00 01 00 62 04 | ..@.......#...b.
0000000000000B30 | 20 00 40 8C 00 04 00 88  11 80 00 00 31 02 10 00 |  .@.........1...
0000000000000B40 | 20 46 00 02 00 C4 08 40  00 80 18 01 08 00 10 23 |  F.....@.......#
0000000000000B50 | 00 01 00 62 04 20 00 40  8C 00 04 00 88 11 80 00 | ...b. .@........
0000000000000B60 | 00 31 02 10 00 20 46 00  02 00 C4 08 40 00 80 18 | .1... F.....@...
0000000000000B70 | 01 08 00 10 23 00 01 00  62 04 20 00 40 8C 00 04 | ....#...b. .@...
0000000000000B80 | 00 88 11 80 00 00 31 02  10 00 20 46 00 02 00 C4 | ......1... F....
0000000000000B90 | 08 40 00 80 18 01 08 00  10 F3 0F 10 95 F4 BD 70 | .@.............p
0000000000000BA0 | 89 6F DE 00 00 00 00 49  45 4E 44 AE 42 60 82 00 | .o.....IEND.B`..
0000000000000BB0 | 00 03 0C 49 50 4E 47 89  50 4E 47 0D 0A 1A 0A 00 | ...IPNG.PNG.....
0000000000000BC0 | 00 00 0D 49 48 44 52 00  00 00 40 00 00 00 40 08 | ...IHDR...@...@.
0000000000000BD0 | 06 00 00 00 AA 69 71 DE  00 00 00 09 70 48 59 73 | .....iq.....pHYs
0000000000000BE0 | 00 00 0B 12 00 00 0B 12  01 D2 DD 7E FC 00 00 00 | ...........~....
0000000000000BF0 | 13 74 45 58 74 6F 62 6A  65 63 74 20 74 79 70 65 | .tEXtobject type
0000000000000C00 | 00 74 65 78 74 75 72 65  68 09 4E 6A 00 00 00 16 | .textureh.Nj....
0000000000000C10 | 77 61 44 41 69 6D 61 67  65 20 70 6F 73 69 74 69 | waDAimage positi
0000000000000C20 | 6F 6E 31 20 78 00 00 00  00 00 87 13 4E 65 00 00 | on1 x.......Ne..
0000000000000C30 | 00 16 77 61 44 41 69 6D  61 67 65 20 70 6F 73 69 | ..waDAimage posi
0000000000000C40 | 74 69 6F 6E 31 20 79 00  00 00 00 00 4C 4F 9D C0 | tion1 y.....LO..
0000000000000C50 | 00 00 00 16 77 61 44 41  69 6D 61 67 65 20 70 6F | ....waDAimage po
0000000000000C60 | 73 69 74 69 6F 6E 32 20  78 00 00 00 00 3F BF FA | sition2 x....?..
0000000000000C70 | 64 BB 00 00 00 16 77 61  44 41 69 6D 61 67 65 20 | d.....waDAimage 
0000000000000C80 | 70 6F 73 69 74 69 6F 6E  32 20 79 00 00 00 00 00 | position2 y.....
0000000000000C90 | C2 C0 9A 23 00 00 00 16  77 61 44 41 69 6D 61 67 | ...#....waDAimag
0000000000000CA0 | 65 20 70 6F 73 69 74 69  6F 6E 33 20 78 00 00 00 | e position3 x...
0000000000000CB0 | 00 3F 73 50 64 25 00 00  00 16 77 61 44 41 69 6D | .?sPd%....waDAim
0000000000000CC0 | 61 67 65 20 70 6F 73 69  74 69 6F 6E 33 20 79 00 | age position3 y.
0000000000000CD0 | 00 00 00 3F B8 0C B7 80  00 00 00 16 77 61 44 41 | ...?........waDA
0000000000000CE0 | 69 6D 61 67 65 20 70 6F  73 69 74 69 6F 6E 34 20 | image position4 
0000000000000CF0 | 78 00 00 00 00 00 CF F3  40 01 00 00 00 16 77 61 | x.......@.....wa
0000000000000D00 | 44 41 69 6D 61 67 65 20  70 6F 73 69 74 69 6F 6E | DAimage position
0000000000000D10 | 34 20 79 00 00 00 00 3F  B2 C9 BE 99 00 00 00 10 | 4 y....?........
0000000000000D20 | 77 61 44 41 69 6D 61 67  65 20 61 6C 70 68 61 00 | waDAimage alpha.
0000000000000D30 | 00 00 00 FF 86 1C 5A 2D  00 00 00 11 77 61 44 41 | ......Z-....waDA
0000000000000D40 | 69 6D 61 67 65 20 68 69  64 64 65 6E 00 00 00 00 | image hidden....
0000000000000D50 | 00 F9 29 EB 1A 00 00 00  19 77 61 44 41 74 65 78 | ..)......waDAtex
0000000000000D60 | 74 75 72 65 20 6F 62 6A  65 63 74 20 74 79 70 65 | ture object type
0000000000000D70 | 00 63 6F 6C 6F 72 A6 92  70 71 00 00 00 13 77 61 | .color..pq....wa
0000000000000D80 | 44 41 74 65 78 74 75 72  65 20 63 6F 6C 6F 72 31 | DAtexture color1
0000000000000D90 | 00 00 56 34 12 01 5C 58  6E 00 00 00 13 77 61 44 | ..V4..\Xn....waD
0000000000000DA0 | 41 74 65 78 74 75 72 65  20 63 6F 6C 6F 72 32 00 | Atexture color2.
0000000000000DB0 | 00 00 00 00 A7 6A FA 7D  00 00 00 12 77 61 44 41 | .....j.}....waDA
0000000000000DC0 | 74 65 78 74 75 72 65 20  61 6E 67 6C 65 00 00 00 | texture angle...
0000000000000DD0 | 00 00 B8 88 77 B2 00 00  00 12 77 61 44 41 74 65 | ....w.....waDAte
0000000000000DE0 | 78 74 75 72 65 20 6C 65  76 65 6C 00 00 00 00 00 | xture level.....
0000000000000DF0 | CD A5 47 71 00 00 00 12  77 61 44 41 74 65 78 74 | ..Gq....waDAtext
0000000000000E00 | 75 72 65 20 70 61 74 68  6E 61 6D 65 00 40 96 3F | ure pathname.@.?
0000000000000E10 | 89 D5 00 00 00 99 49 44  41 54 78 9C ED D0 31 11 | ......IDATx...1.
0000000000000E20 | 00 20 10 C0 B0 D7 80 16  B4 E0 DF 09 C8 C8 40 87 | . ............@.
0000000000000E30 | EC BD CE DA E7 FE 6C 74  80 D6 00 1D A0 35 40 07 | ......lt.....5@.
0000000000000E40 | 68 0D D0 01 5A 03 74 80  D6 00 1D A0 35 40 07 68 | h...Z.t.....5@.h
0000000000000E50 | 0D D0 01 5A 03 74 80 D6  00 1D A0 35 40 07 68 0D | ...Z.t.....5@.h.
0000000000000E60 | D0 01 5A 03 74 80 D6 00  1D A0 35 40 07 68 0D D0 | ..Z.t.....5@.h..
0000000000000E70 | 01 5A 03 74 80 D6 00 1D  A0 35 40 07 68 0D D0 01 | .Z.t.....5@.h...
0000000000000E80 | 5A 03 74 80 D6 00 1D A0  35 40 07 68 0D D0 01 5A | Z.t.....5@.h...Z
0000000000000E90 | 03 74 80 D6 00 1D A0 35  40 07 68 0D D0 01 5A 03 | .t.....5@.h...Z.
0000000000000EA0 | 74 80 D6 00 1D A0 35 40  07 68 0D D0 01 DA 03 53 | t.....5@.h.....S
0000000000000EB0 | E1 B1 78 98 05 C0 A9 00  00 00 00 49 45 4E 44 AE | ..x........IEND.
0000000000000EC0 | 42 60 82 00 00 07 38 49  50 4E 47 89 50 4E 47 0D | B`....8IPNG.PNG.
0000000000000ED0 | 0A 1A 0A 00 00 00 0D 49  48 44 52 00 00 00 96 00 | .......IHDR.....
0000000000000EE0 | 00 00 5D 08 06 00 00 00  47 2E 9F 95 00 00 00 09 | ..].....G.......
0000000000000EF0 | 70 48 59 73 00 00 0B 12  00 00 0B 12 01 D2 DD 7E | pHYs...........~
0000000000000F00 | FC 00 00 00 11 74 45 58  74 6F 62 6A 65 63 74 20 | .....tEXtobject 
0000000000000F10 | 74 79 70 65 00 69 6D 61  67 65 11 2A 85 AB 00 00 | type.image.*....
0000000000000F20 | 00 15 77 61 44 41 6F 62  6A 65 63 74 20 73 75 62 | ..waDAobject sub
0000000000000F30 | 74 79 70 65 00 76 65 63  74 6F 72 FA F8 BA 8C 00 | type.vector.....
0000000000000F40 | 00 00 16 77 61 44 41 69  6D 61 67 65 20 70 6F 73 | ...waDAimage pos
0000000000000F50 | 69 74 69 6F 6E 31 20 78  00 00 00 00 FE DD 16 91 | ition1 x........
0000000000000F60 | 7E 00 00 00 16 77 61 44  41 69 6D 61 67 65 20 70 | ~....waDAimage p
0000000000000F70 | 6F 73 69 74 69 6F 6E 31  20 79 00 00 00 00 B9 FE | osition1 y......
0000000000000F80 | F2 96 E8 00 00 00 16 77  61 44 41 69 6D 61 67 65 | .......waDAimage
0000000000000F90 | 20 70 6F 73 69 74 69 6F  6E 32 20 78 00 00 00 01 |  position2 x....
0000000000000FA0 | 93 79 81 BA 39 00 00 00  16 77 61 44 41 69 6D 61 | .y..9....waDAima
0000000000000FB0 | 67 65 20 70 6F 73 69 74  69 6F 6E 32 20 79 00 00 | ge position2 y..
0000000000000FC0 | 00 00 B9 70 7D 91 0B 00  00 00 16 77 61 44 41 69 | ...p}......waDAi
0000000000000FD0 | 6D 61 67 65 20 70 6F 73  69 74 69 6F 6E 33 20 78 | mage position3 x
0000000000000FE0 | 00 00 00 01 93 B5 2B BA  A7 00 00 00 16 77 61 44 | ......+......waD
0000000000000FF0 | 41 69 6D 61 67 65 20 70  6F 73 69 74 69 6F 6E 33 | Aimage position3
0000000000001000 | 20 79 00 00 00 01 15 7A  AC 4F 17 00 00 00 16 77 |  y.....z.O.....w
0000000000001010 | 61 44 41 69 6D 61 67 65  20 70 6F 73 69 74 69 6F | aDAimage positio
0000000000001020 | 6E 34 20 78 00 00 00 00  FE 95 F6 9F 1A 00 00 00 | n4 x............
0000000000001030 | 16 77 61 44 41 69 6D 61  67 65 20 70 6F 73 69 74 | .waDAimage posit
0000000000001040 | 69 6F 6E 34 20 79 00 00  00 01 15 70 69 46 0E 00 | ion4 y.....piF..
0000000000001050 | 00 00 10 77 61 44 41 69  6D 61 67 65 20 61 6C 70 | ...waDAimage alp
0000000000001060 | 68 61 00 00 00 00 FF 86  1C 5A 2D 00 00 00 11 77 | ha.......Z-....w
0000000000001070 | 61 44 41 69 6D 61 67 65  20 68 69 64 64 65 6E 00 | aDAimage hidden.
0000000000001080 | 00 00 00 00 F9 29 EB 1A  00 00 00 12 77 61 44 41 | .....)......waDA
0000000000001090 | 76 65 63 74 6F 72 20 63  6C 6F 73 65 64 00 00 00 | vector closed...
00000000000010A0 | 00 01 61 F8 56 29 00 00  00 13 77 61 44 41 76 65 | ..a.V)....waDAve
00000000000010B0 | 63 74 6F 72 20 71 75 61  6C 69 74 79 00 00 00 00 | ctor quality....
00000000000010C0 | 01 BA B9 6F D6 00 00 00  18 77 61 44 41 76 65 63 | ...o.....waDAvec
00000000000010D0 | 74 6F 72 20 65 6C 65 6D  65 6E 74 20 74 79 70 65 | tor element type
00000000000010E0 | 00 00 00 00 04 A1 6D A0  56 00 00 00 18 77 61 44 | ......m.V....waD
00000000000010F0 | 41 76 65 63 74 6F 72 20  73 74 72 6F 6B 65 20 73 | Avector stroke s
0000000000001100 | 74 79 6C 65 00 00 00 00  00 0C 12 72 FA 00 00 00 | tyle.......r....
0000000000001110 | 16 77 61 44 41 76 65 63  74 6F 72 20 73 74 72 6F | .waDAvector stro
0000000000001120 | 6B 65 20 63 61 70 00 00  00 00 00 E3 8D 8A FE 00 | ke cap..........
0000000000001130 | 00 00 17 77 61 44 41 76  65 63 74 6F 72 20 73 74 | ...waDAvector st
0000000000001140 | 72 6F 6B 65 20 6A 6F 69  6E 00 00 00 00 02 1F 7B | roke join......{
0000000000001150 | CF 6E 00 00 00 1F 77 61  44 41 76 65 63 74 6F 72 | .n....waDAvector
0000000000001160 | 20 73 74 61 72 74 20 73  74 72 6F 6B 65 20 6D 61 |  start stroke ma
0000000000001170 | 72 6B 65 72 00 00 00 00  00 A8 05 5E 26 00 00 00 | rker.......^&...
0000000000001180 | 1D 77 61 44 41 76 65 63  74 6F 72 20 65 6E 64 20 | .waDAvector end 
0000000000001190 | 73 74 72 6F 6B 65 20 6D  61 72 6B 65 72 00 00 00 | stroke marker...
00000000000011A0 | 00 00 09 EE A9 A5 00 00  00 1D 77 61 44 41 76 65 | ..........waDAve
00000000000011B0 | 63 74 6F 72 20 73 74 61  72 74 20 6D 61 72 6B 65 | ctor start marke
00000000000011C0 | 72 20 73 69 7A 65 00 00  00 00 04 0F 03 68 70 00 | r size.......hp.
00000000000011D0 | 00 00 1B 77 61 44 41 76  65 63 74 6F 72 20 65 6E | ...waDAvector en
00000000000011E0 | 64 20 6D 61 72 6B 65 72  20 73 69 7A 65 00 00 00 | d marker size...
00000000000011F0 | 00 04 DE AF 07 11 00 00  00 1C 77 61 44 41 76 65 | ..........waDAve
0000000000001200 | 63 74 6F 72 20 73 74 72  6F 6B 65 20 77 69 64 74 | ctor stroke widt
0000000000001210 | 68 00 3F F0 00 00 00 00  00 00 4F C0 D9 82 00 00 | h.?.......O.....
0000000000001220 | 00 18 77 61 44 41 76 65  63 74 6F 72 20 6D 61 74 | ..waDAvector mat
0000000000001230 | 72 69 78 20 61 00 3F F0  00 00 00 00 00 00 D6 F7 | rix a.?.........
0000000000001240 | BB C2 00 00 00 18 77 61  44 41 76 65 63 74 6F 72 | ......waDAvector
0000000000001250 | 20 6D 61 74 72 69 78 20  62 00 00 00 00 00 00 00 |  matrix b.......
0000000000001260 | 00 00 05 53 7B C9 00 00  00 18 77 61 44 41 76 65 | ...S{.....waDAve
0000000000001270 | 63 74 6F 72 20 6D 61 74  72 69 78 20 63 00 00 00 | ctor matrix c...
0000000000001280 | 00 00 00 00 00 00 EA 91  10 F7 00 00 00 18 77 61 | ..............wa
0000000000001290 | 44 41 76 65 63 74 6F 72  20 6D 61 74 72 69 78 20 | DAvector matrix 
00000000000012A0 | 64 00 3F F0 00 00 00 00  00 00 30 DE 70 86 00 00 | d.?.......0.p...
00000000000012B0 | 00 18 77 61 44 41 76 65  63 74 6F 72 20 6D 61 74 | ..waDAvector mat
00000000000012C0 | 72 69 78 20 65 00 00 00  00 00 00 00 00 00 E7 8F | rix e...........
00000000000012D0 | 60 B0 00 00 00 18 77 61  44 41 76 65 63 74 6F 72 | `.....waDAvector
00000000000012E0 | 20 6D 61 74 72 69 78 20  66 00 00 00 00 00 00 00 |  matrix f.......
00000000000012F0 | 00 00 0C B8 DB B3 00 00  00 20 77 61 44 41 76 65 | ......... waDAve
0000000000001300 | 63 74 6F 72 20 6F 72 69  67 69 6E 61 6C 20 70 6F | ctor original po
0000000000001310 | 73 69 74 69 6F 6E 31 20  78 00 00 00 00 FE FF D8 | sition1 x.......
0000000000001320 | 15 E0 00 00 00 20 77 61  44 41 76 65 63 74 6F 72 | ..... waDAvector
0000000000001330 | 20 6F 72 69 67 69 6E 61  6C 20 70 6F 73 69 74 69 |  original positi
0000000000001340 | 6F 6E 31 20 79 00 00 00  00 B9 DC 3C 12 76 00 00 | on1 y......<.v..
0000000000001350 | 00 20 77 61 44 41 76 65  63 74 6F 72 20 6F 72 69 | . waDAvector ori
0000000000001360 | 67 69 6E 61 6C 20 70 6F  73 69 74 69 6F 6E 32 20 | ginal position2 
0000000000001370 | 78 00 00 00 01 93 5B 4F  3E A7 00 00 00 20 77 61 | x.....[O>.... wa
0000000000001380 | 44 41 76 65 63 74 6F 72  20 6F 72 69 67 69 6E 61 | DAvector origina
0000000000001390 | 6C 20 70 6F 73 69 74 69  6F 6E 32 20 79 00 00 00 | l position2 y...
00000000000013A0 | 00 B9 52 B3 15 95 00 00  00 20 77 61 44 41 76 65 | ..R...... waDAve
00000000000013B0 | 63 74 6F 72 20 6F 72 69  67 69 6E 61 6C 20 70 6F | ctor original po
00000000000013C0 | 73 69 74 69 6F 6E 33 20  78 00 00 00 01 93 97 E5 | sition3 x.......
00000000000013D0 | 3E 39 00 00 00 20 77 61  44 41 76 65 63 74 6F 72 | >9... waDAvector
00000000000013E0 | 20 6F 72 69 67 69 6E 61  6C 20 70 6F 73 69 74 69 |  original positi
00000000000013F0 | 6F 6E 33 20 79 00 00 00  01 15 58 62 CB 89 00 00 | on3 y.....Xb....
0000000000001400 | 00 20 77 61 44 41 76 65  63 74 6F 72 20 6F 72 69 | . waDAvector ori
0000000000001410 | 67 69 6E 61 6C 20 70 6F  73 69 74 69 6F 6E 34 20 | ginal position4 
0000000000001420 | 78 00 00 00 00 FE B7 38  1B 84 00 00 00 20 77 61 | x......8..... wa
0000000000001430 | 44 41 76 65 63 74 6F 72  20 6F 72 69 67 69 6E 61 | DAvector origina
0000000000001440 | 6C 20 70 6F 73 69 74 69  6F 6E 34 20 79 00 00 00 | l position4 y...
0000000000001450 | 01 15 52 A7 C2 90 00 00  00 21 77 61 44 41 76 65 | ..R......!waDAve
0000000000001460 | 63 74 6F 72 20 65 6E 61  62 6C 65 20 73 74 72 6F | ctor enable stro
0000000000001470 | 6B 65 20 74 65 78 74 75  72 65 00 00 00 00 01 10 | ke texture......
0000000000001480 | BD 47 43 00 00 00 1F 77  61 44 41 76 65 63 74 6F | .GC....waDAvecto
0000000000001490 | 72 20 65 6E 61 62 6C 65  20 66 69 6C 6C 20 74 65 | r enable fill te
00000000000014A0 | 78 74 75 72 65 00 00 00  00 01 94 DD B4 D1 00 00 | xture...........
00000000000014B0 | 00 1E 77 61 44 41 76 65  63 74 6F 72 20 65 66 66 | ..waDAvector eff
00000000000014C0 | 65 63 74 20 6F 62 6A 65  63 74 20 74 79 70 65 00 | ect object type.
00000000000014D0 | 6E 6F 6E 65 78 01 C3 67  00 00 01 13 49 44 41 54 | nonex..g....IDAT
00000000000014E0 | 78 9C ED D2 41 0D 80 40  10 C0 C0 F5 04 FE 0F 47 | x...A..@.......G
00000000000014F0 | 48 80 84 07 0A AE BF 99  A4 0E 3A 33 F3 48 41 F3 | H.........:3.HA.
0000000000001500 | C0 4E C6 22 61 2C 12 C6  22 61 2C 12 C6 22 61 2C | .N."a,.."a,.."a,
0000000000001510 | 12 C6 22 61 2C 12 C6 22  61 2C 12 C6 22 61 2C 12 | .."a,.."a,.."a,.
0000000000001520 | C6 22 61 2C 12 C6 22 61  2C 12 C6 22 61 2C 12 C6 | ."a,.."a,.."a,..
0000000000001530 | 22 61 2C 12 C6 22 61 2C  12 C6 22 61 2C 12 C6 22 | "a,.."a,.."a,.."
0000000000001540 | 61 2C 12 C6 22 61 2C 12  C6 22 61 2C 12 C6 22 61 | a,.."a,.."a,.."a
0000000000001550 | 2C 12 C6 22 61 2C 12 C6  22 61 2C 12 C6 22 61 2C | ,.."a,.."a,.."a,
0000000000001560 | 12 C6 22 61 2C 12 C6 22  61 2C 12 C6 22 61 2C 12 | .."a,.."a,.."a,.
0000000000001570 | C6 22 61 2C 12 C6 22 61  2C 12 C6 22 61 2C 12 C6 | ."a,.."a,.."a,..
0000000000001580 | 22 61 2C 12 C6 22 61 2C  12 C6 22 61 2C 12 C6 22 | "a,.."a,.."a,.."
0000000000001590 | 61 2C 12 C6 22 61 2C 12  C6 22 61 2C 12 C6 22 61 | a,.."a,.."a,.."a
00000000000015A0 | 2C 12 C6 22 61 2C 12 C6  22 61 2C 12 C6 22 61 2C | ,.."a,.."a,.."a,
00000000000015B0 | 12 C6 22 61 2C 12 C6 22  61 2C 12 C6 22 61 2C 12 | .."a,.."a,.."a,.
00000000000015C0 | C6 22 61 2C 12 C6 22 61  2C 12 C6 22 61 2C 12 C6 | ."a,.."a,.."a,..
00000000000015D0 | 22 61 2C 12 C6 22 61 2C  12 C6 22 61 2C 12 C6 22 | "a,.."a,.."a,.."
00000000000015E0 | F1 8F B5 D6 25 6D EB 1B  EB 38 CE 5B DA DD 0B 99 | ....%m...8.[....
00000000000015F0 | 85 6C 7C C1 4B E1 53 00  00 00 00 49 45 4E 44 AE | .l|.K.S....IEND.
0000000000001600 | 42 60 82 00 00 03 05 49  50 4E 47 89 50 4E 47 0D | B`.....IPNG.PNG.
0000000000001610 | 0A 1A 0A 00 00 00 0D 49  48 44 52 00 00 00 40 00 | .......IHDR...@.
0000000000001620 | 00 00 40 08 06 00 00 00  AA 69 71 DE 00 00 00 09 | ..@......iq.....
0000000000001630 | 70 48 59 73 00 00 0B 12  00 00 0B 12 01 D2 DD 7E | pHYs...........~
0000000000001640 | FC 00 00 00 13 74 45 58  74 6F 62 6A 65 63 74 20 | .....tEXtobject 
0000000000001650 | 74 79 70 65 00 74 65 78  74 75 72 65 68 09 4E 6A | type.textureh.Nj
0000000000001660 | 00 00 00 16 77 61 44 41  69 6D 61 67 65 20 70 6F | ....waDAimage po
0000000000001670 | 73 69 74 69 6F 6E 31 20  78 00 00 00 00 00 87 13 | sition1 x.......
0000000000001680 | 4E 65 00 00 00 16 77 61  44 41 69 6D 61 67 65 20 | Ne....waDAimage 
0000000000001690 | 70 6F 73 69 74 69 6F 6E  31 20 79 00 00 00 00 00 | position1 y.....
00000000000016A0 | 4C 4F 9D C0 00 00 00 16  77 61 44 41 69 6D 61 67 | LO......waDAimag
00000000000016B0 | 65 20 70 6F 73 69 74 69  6F 6E 32 20 78 00 00 00 | e position2 x...
00000000000016C0 | 00 3F BF FA 64 BB 00 00  00 16 77 61 44 41 69 6D | .?..d.....waDAim
00000000000016D0 | 61 67 65 20 70 6F 73 69  74 69 6F 6E 32 20 79 00 | age position2 y.
00000000000016E0 | 00 00 00 00 C2 C0 9A 23  00 00 00 16 77 61 44 41 | .......#....waDA
00000000000016F0 | 69 6D 61 67 65 20 70 6F  73 69 74 69 6F 6E 33 20 | image position3 
0000000000001700 | 78 00 00 00 00 3F 73 50  64 25 00 00 00 16 77 61 | x....?sPd%....wa
0000000000001710 | 44 41 69 6D 61 67 65 20  70 6F 73 69 74 69 6F 6E | DAimage position
0000000000001720 | 33 20 79 00 00 00 00 3F  B8 0C B7 80 00 00 00 16 | 3 y....?........
0000000000001730 | 77 61 44 41 69 6D 61 67  65 20 70 6F 73 69 74 69 | waDAimage positi
0000000000001740 | 6F 6E 34 20 78 00 00 00  00 00 CF F3 40 01 00 00 | on4 x.......@...
0000000000001750 | 00 16 77 61 44 41 69 6D  61 67 65 20 70 6F 73 69 | ..waDAimage posi
0000000000001760 | 74 69 6F 6E 34 20 79 00  00 00 00 3F B2 C9 BE 99 | tion4 y....?....
0000000000001770 | 00 00 00 10 77 61 44 41  69 6D 61 67 65 20 61 6C | ....waDAimage al
0000000000001780 | 70 68 61 00 00 00 00 FF  86 1C 5A 2D 00 00 00 11 | pha.......Z-....
0000000000001790 | 77 61 44 41 69 6D 61 67  65 20 68 69 64 64 65 6E | waDAimage hidden
00000000000017A0 | 00 00 00 00 00 F9 29 EB  1A 00 00 00 19 77 61 44 | ......)......waD
00000000000017B0 | 41 74 65 78 74 75 72 65  20 6F 62 6A 65 63 74 20 | Atexture object 
00000000000017C0 | 74 79 70 65 00 63 6F 6C  6F 72 A6 92 70 71 00 00 | type.color..pq..
00000000000017D0 | 00 13 77 61 44 41 74 65  78 74 75 72 65 20 63 6F | ..waDAtexture co
00000000000017E0 | 6C 6F 72 31 00 00 FF FF  FF 21 40 AE C1 00 00 00 | lor1.....!@.....
00000000000017F0 | 13 77 61 44 41 74 65 78  74 75 72 65 20 63 6F 6C | .waDAtexture col
0000000000001800 | 6F 72 32 00 00 00 00 00  A7 6A FA 7D 00 00 00 12 | or2......j.}....
0000000000001810 | 77 61 44 41 74 65 78 74  75 72 65 20 61 6E 67 6C | waDAtexture angl
0000000000001820 | 65 00 00 00 00 00 B8 88  77 B2 00 00 00 12 77 61 | e.......w.....wa
0000000000001830 | 44 41 74 65 78 74 75 72  65 20 6C 65 76 65 6C 00 | DAtexture level.
0000000000001840 | 00 00 00 00 CD A5 47 71  00 00 00 12 77 61 44 41 | ......Gq....waDA
0000000000001850 | 74 65 78 74 75 72 65 20  70 61 74 68 6E 61 6D 65 | texture pathname
0000000000001860 | 00 40 96 3F 89 D5 00 00  00 92 49 44 41 54 78 9C | .@.?......IDATx.
0000000000001870 | ED D0 41 11 00 00 08 80  30 FB 97 D6 18 7B C8 12 | ..A.....0....{..
0000000000001880 | 70 CC 3E 37 3A 40 6B 80  0E D0 1A A0 03 B4 06 E8 | p.>7:@k.........
0000000000001890 | 00 AD 01 3A 40 6B 80 0E  D0 1A A0 03 B4 06 E8 00 | ...:@k..........
00000000000018A0 | AD 01 3A 40 6B 80 0E D0  1A A0 03 B4 06 E8 00 AD | ..:@k...........
00000000000018B0 | 01 3A 40 6B 80 0E D0 1A  A0 03 B4 06 E8 00 AD 01 | .:@k............
00000000000018C0 | 3A 40 6B 80 0E D0 1A A0  03 B4 06 E8 00 AD 01 3A | :@k............:
00000000000018D0 | 40 6B 80 0E D0 1A A0 03  B4 06 E8 00 AD 01 3A 40 | @k............:@
00000000000018E0 | 6B 80 0E D0 1A A0 03 B4  06 E8 00 AD 01 3A 40 6B | k............:@k
00000000000018F0 | 80 0E D0 1A A0 03 B4 06  E8 00 ED 00 46 D0 C3 B2 | ............F...
0000000000001900 | A5 DE DF BC 00 00 00 00  49 45 4E 44 AE 42 60 82 | ........IEND.B`.
0000000000001910 | 00 00 00 A8 49 50 4E 47  89 50 4E 47 0D 0A 1A 0A | ....IPNG.PNG....
0000000000001920 | 00 00 00 0D 49 48 44 52  00 00 00 4C 00 00 00 01 | ....IHDR...L....
0000000000001930 | 08 06 00 00 00 74 51 48  99 00 00 00 09 70 48 59 | .....tQH.....pHY
0000000000001940 | 73 00 00 0B 12 00 00 0B  12 01 D2 DD 7E FC 00 00 | s...........~...
0000000000001950 | 00 12 74 45 58 74 6F 62  6A 65 63 74 20 74 79 70 | ..tEXtobject typ
0000000000001960 | 65 00 76 65 63 74 6F 72  A1 6A 69 DF 00 00 00 3C | e.vector.ji....<
0000000000001970 | 49 44 41 54 78 9C 63 60  60 60 65 60 60 60 64 00 | IDATx.c```e```d.
0000000000001980 | 81 FC 03 0C 0E 20 3A 5D  01 42 13 07 98 18 FE 06 | ..... :].B......
0000000000001990 | 9C FB 5F 69 FF 9F 22 BD  20 BA 30 FE 3F 49 7A 41 | .._i..". .0.?IzA
00000000000019A0 | 00 E4 66 D2 F5 32 13 AF  14 0D 00 00 4E F2 18 F0 | ..f..2......N...
00000000000019B0 | 54 AF E9 6B 00 00 00 00  49 45 4E 44 AE 42 60 82 | T..k....IEND.B`.
00000000000019C0 | 00 00 03 1B 49 50 4E 47  89 50 4E 47 0D 0A 1A 0A | ....IPNG.PNG....
00000000000019D0 | 00 00 00 0D 49 48 44 52  00 00 00 40 00 00 00 40 | ....IHDR...@...@
00000000000019E0 | 08 06 00 00 00 AA 69 71  DE 00 00 00 09 70 48 59 | ......iq.....pHY
00000000000019F0 | 73 00 00 0B 12 00 00 0B  12 01 D2 DD 7E FC 00 00 | s...........~...
0000000000001A00 | 00 13 74 45 58 74 6F 62  6A 65 63 74 20 74 79 70 | ..tEXtobject typ
0000000000001A10 | 65 00 74 65 78 74 75 72  65 68 09 4E 6A 00 00 00 | e.textureh.Nj...
0000000000001A20 | 16 77 61 44 41 69 6D 61  67 65 20 70 6F 73 69 74 | .waDAimage posit
0000000000001A30 | 69 6F 6E 31 20 78 00 00  00 00 00 87 13 4E 65 00 | ion1 x.......Ne.
0000000000001A40 | 00 00 16 77 61 44 41 69  6D 61 67 65 20 70 6F 73 | ...waDAimage pos
0000000000001A50 | 69 74 69 6F 6E 31 20 79  00 00 00 00 00 4C 4F 9D | ition1 y.....LO.
0000000000001A60 | C0 00 00 00 16 77 61 44  41 69 6D 61 67 65 20 70 | .....waDAimage p
0000000000001A70 | 6F 73 69 74 69 6F 6E 32  20 78 00 00 00 00 3F BF | osition2 x....?.
0000000000001A80 | FA 64 BB 00 00 00 16 77  61 44 41 69 6D 61 67 65 | .d.....waDAimage
0000000000001A90 | 20 70 6F 73 69 74 69 6F  6E 32 20 79 00 00 00 00 |  position2 y....
0000000000001AA0 | 00 C2 C0 9A 23 00 00 00  16 77 61 44 41 69 6D 61 | ....#....waDAima
0000000000001AB0 | 67 65 20 70 6F 73 69 74  69 6F 6E 33 20 78 00 00 | ge position3 x..
0000000000001AC0 | 00 00 3F 73 50 64 25 00  00 00 16 77 61 44 41 69 | ..?sPd%....waDAi
0000000000001AD0 | 6D 61 67 65 20 70 6F 73  69 74 69 6F 6E 33 20 79 | mage position3 y
0000000000001AE0 | 00 00 00 00 3F B8 0C B7  80 00 00 00 16 77 61 44 | ....?........waD
0000000000001AF0 | 41 69 6D 61 67 65 20 70  6F 73 69 74 69 6F 6E 34 | Aimage position4
0000000000001B00 | 20 78 00 00 00 00 00 CF  F3 40 01 00 00 00 16 77 |  x.......@.....w
0000000000001B10 | 61 44 41 69 6D 61 67 65  20 70 6F 73 69 74 69 6F | aDAimage positio
0000000000001B20 | 6E 34 20 79 00 00 00 00  3F B2 C9 BE 99 00 00 00 | n4 y....?.......
0000000000001B30 | 10 77 61 44 41 69 6D 61  67 65 20 61 6C 70 68 61 | .waDAimage alpha
0000000000001B40 | 00 00 00 00 FF 86 1C 5A  2D 00 00 00 11 77 61 44 | .......Z-....waD
0000000000001B50 | 41 69 6D 61 67 65 20 68  69 64 64 65 6E 00 00 00 | Aimage hidden...
0000000000001B60 | 00 00 F9 29 EB 1A 00 00  00 19 77 61 44 41 74 65 | ...)......waDAte
0000000000001B70 | 78 74 75 72 65 20 6F 62  6A 65 63 74 20 74 79 70 | xture object typ
0000000000001B80 | 65 00 63 6F 6C 6F 72 A6  92 70 71 00 00 00 13 77 | e.color..pq....w
0000000000001B90 | 61 44 41 74 65 78 74 75  72 65 20 63 6F 6C 6F 72 | aDAtexture color
0000000000001BA0 | 31 00 00 00 00 00 21 FE  88 D3 00 00 00 13 77 61 | 1.....!.......wa
0000000000001BB0 | 44 41 74 65 78 74 75 72  65 20 63 6F 6C 6F 72 32 | DAtexture color2
0000000000001BC0 | 00 00 00 00 00 A7 6A FA  7D 00 00 00 12 77 61 44 | ......j.}....waD
0000000000001BD0 | 41 74 65 78 74 75 72 65  20 61 6E 67 6C 65 00 00 | Atexture angle..
0000000000001BE0 | 00 00 00 B8 88 77 B2 00  00 00 12 77 61 44 41 74 | .....w.....waDAt
0000000000001BF0 | 65 78 74 75 72 65 20 6C  65 76 65 6C 00 00 00 00 | exture level....
0000000000001C00 | 00 CD A5 47 71 00 00 00  12 77 61 44 41 74 65 78 | ...Gq....waDAtex
0000000000001C10 | 74 75 72 65 20 70 61 74  68 6E 61 6D 65 00 40 96 | ture pathname.@.
0000000000001C20 | 3F 89 D5 00 00 00 A8 49  44 41 54 78 9C E5 CE 21 | ?......IDATx...!
0000000000001C30 | 01 00 00 0C 04 A1 EB 5F  FA 17 03 31 81 A7 6A CF | ......._...1..j.
0000000000001C40 | F1 80 C6 03 1A 0F 68 3C  A0 F1 80 C6 03 1A 0F 68 | ......h<.......h
0000000000001C50 | 3C A0 F1 80 C6 03 1A 0F  68 3C A0 F1 80 C6 03 1A | <.......h<......
0000000000001C60 | 0F 68 3C A0 F1 80 C6 03  1A 0F 68 3C A0 F1 80 C6 | .h<.......h<....
0000000000001C70 | 03 1A 0F 68 3C A0 F1 80  C6 03 1A 0F 68 3C A0 F1 | ...h<.......h<..
0000000000001C80 | 80 C6 03 1A 0F 68 3C A0  F1 80 C6 03 1A 0F 68 3C | .....h<.......h<
0000000000001C90 | A0 F1 80 C6 03 1A 0F 68  3C A0 F1 80 C6 03 1A 0F | .......h<.......
0000000000001CA0 | 68 3C A0 F1 80 C6 03 1A  0F 68 3C A0 F1 80 C6 03 | h<.......h<.....
0000000000001CB0 | 1A 0F 68 3C A0 F1 80 C6  03 1A 0F 68 3C A0 F1 80 | ..h<.......h<...
0000000000001CC0 | C6 03 1A 0F 68 3C A0 F1  80 C6 03 1A 0F 50 07 58 | ....h<.......P.X
0000000000001CD0 | 7C F0 E2 A5 3E 36 48 00  00 00 00 49 45 4E 44 AE | |...>6H....IEND.
0000000000001CE0 | 42 60 82 00 00 00 00 4D  45 4E 44                | B`.....MEND     
