# FileDumpOut Hex Dump
Source-File: 空のファイル.mif
Source-Path: D:\DelphiProg\test\FileDumpOut\mif\空のファイル.mif
File-Size: 3272 bytes
Last-Modified-UTC: 2026-08-18T04:49:22.923Z
Generated-UTC: 2026-08-18T04:49:23.441Z
Bytes-Per-Line: 16
Columns: offset | hexadecimal bytes | ASCII (non-printable bytes are periods)

OFFSET           | 00 01 02 03 04 05 06 07  08 09 0A 0B 0C 0D 0E 0F | ASCII
-----------------+---------------------------------------------------+-----------------
0000000000000000 | 4D 49 4D 47 0D 0A 1A 00  00 00 00 04 4D 48 44 52 | MIMG........MHDR
0000000000000010 | 00 00 00 02 00 00 09 90  49 50 4E 47 89 50 4E 47 | ........IPNG.PNG
0000000000000020 | 0D 0A 1A 0A 00 00 00 0D  49 48 44 52 00 00 02 80 | ........IHDR....
0000000000000030 | 00 00 01 E0 08 06 00 00  00 35 D1 DC E4 00 00 00 | .........5......
0000000000000040 | 09 70 48 59 73 00 00 0B  12 00 00 0B 12 01 D2 DD | .pHYs...........
0000000000000050 | 7E FC 00 00 00 20 74 45  58 74 61 70 70 6C 69 63 | ~.... tEXtapplic
0000000000000060 | 61 74 69 6F 6E 20 6E 61  6D 65 00 57 65 62 41 72 | ation name.WebAr
0000000000000070 | 74 20 44 65 73 69 67 6E  65 72 6A 3D ED 32 00 00 | t Designerj=.2..
0000000000000080 | 00 18 77 61 44 41 61 70  70 6C 69 63 61 74 69 6F | ..waDAapplicatio
0000000000000090 | 6E 20 76 65 72 73 69 6F  6E 00 00 00 02 BC 03 6E | n version......n
00000000000000A0 | 03 91 00 00 00 1A 77 61  44 41 62 61 63 6B 67 72 | ......waDAbackgr
00000000000000B0 | 6F 75 6E 64 20 70 61 67  65 20 69 6E 64 65 78 00 | ound page index.
00000000000000C0 | 00 00 00 00 CF 2C 84 A8  00 00 08 CC 49 44 41 54 | .....,......IDAT
00000000000000D0 | 78 9C ED D6 21 01 00 20  00 C0 30 32 90 85 2C F4 | x...!.. ..02..,.
00000000000000E0 | 6F 02 2D 40 7C 62 FE F2  63 AE 7D 00 00 E8 18 BF | o.-@|b..c.}.....
00000000000000F0 | 03 00 00 78 CB 00 02 00  C4 18 40 00 80 18 03 08 | ...x......@.....
0000000000000100 | 00 10 63 00 01 00 62 0C  20 00 40 8C 01 04 00 88 | ..c...b. .@.....
0000000000000110 | 31 80 00 00 31 06 10 00  20 C6 00 02 00 C4 18 40 | 1...1... ......@
0000000000000120 | 00 80 18 03 08 00 10 63  00 01 00 62 0C 20 00 40 | .......c...b. .@
0000000000000130 | 8C 01 04 00 88 31 80 00  00 31 06 10 00 20 C6 00 | .....1...1... ..
0000000000000140 | 02 00 C4 18 40 00 80 18  03 08 00 10 63 00 01 00 | ....@.......c...
0000000000000150 | 62 0C 20 00 40 8C 01 04  00 88 31 80 00 00 31 06 | b. .@.....1...1.
0000000000000160 | 10 00 20 C6 00 02 00 C4  18 40 00 80 18 03 08 00 | .. ......@......
0000000000000170 | 10 63 00 01 00 62 0C 20  00 40 8C 01 04 00 88 31 | .c...b. .@.....1
0000000000000180 | 80 00 00 31 06 10 00 20  C6 00 02 00 C4 18 40 00 | ...1... ......@.
0000000000000190 | 80 18 03 08 00 10 63 00  01 00 62 0C 20 00 40 8C | ......c...b. .@.
00000000000001A0 | 01 04 00 88 31 80 00 00  31 06 10 00 20 C6 00 02 | ....1...1... ...
00000000000001B0 | 00 C4 18 40 00 80 18 03  08 00 10 63 00 01 00 62 | ...@.......c...b
00000000000001C0 | 0C 20 00 40 8C 01 04 00  88 31 80 00 00 31 06 10 | . .@.....1...1..
00000000000001D0 | 00 20 C6 00 02 00 C4 18  40 00 80 18 03 08 00 10 | . ......@.......
00000000000001E0 | 63 00 01 00 62 0C 20 00  40 8C 01 04 00 88 31 80 | c...b. .@.....1.
00000000000001F0 | 00 00 31 06 10 00 20 C6  00 02 00 C4 18 40 00 80 | ..1... ......@..
0000000000000200 | 18 03 08 00 10 63 00 01  00 62 0C 20 00 40 8C 01 | .....c...b. .@..
0000000000000210 | 04 00 88 31 80 00 00 31  06 10 00 20 C6 00 02 00 | ...1...1... ....
0000000000000220 | C4 18 40 00 80 18 03 08  00 10 63 00 01 00 62 0C | ..@.......c...b.
0000000000000230 | 20 00 40 8C 01 04 00 88  31 80 00 00 31 06 10 00 |  .@.....1...1...
0000000000000240 | 20 C6 00 02 00 C4 18 40  00 80 18 03 08 00 10 63 |  ......@.......c
0000000000000250 | 00 01 00 62 0C 20 00 40  8C 01 04 00 88 31 80 00 | ...b. .@.....1..
0000000000000260 | 00 31 06 10 00 20 C6 00  02 00 C4 18 40 00 80 18 | .1... ......@...
0000000000000270 | 03 08 00 10 63 00 01 00  62 0C 20 00 40 8C 01 04 | ....c...b. .@...
0000000000000280 | 00 88 31 80 00 00 31 06  10 00 20 C6 00 02 00 C4 | ..1...1... .....
0000000000000290 | 18 40 00 80 18 03 08 00  10 63 00 01 00 62 0C 20 | .@.......c...b. 
00000000000002A0 | 00 40 8C 01 04 00 88 31  80 00 00 31 06 10 00 20 | .@.....1...1... 
00000000000002B0 | C6 00 02 00 C4 18 40 00  80 18 03 08 00 10 63 00 | ......@.......c.
00000000000002C0 | 01 00 62 0C 20 00 40 8C  01 04 00 88 31 80 00 00 | ..b. .@.....1...
00000000000002D0 | 31 06 10 00 20 C6 00 02  00 C4 18 40 00 80 18 03 | 1... ......@....
00000000000002E0 | 08 00 10 63 00 01 00 62  0C 20 00 40 8C 01 04 00 | ...c...b. .@....
00000000000002F0 | 88 31 80 00 00 31 06 10  00 20 C6 00 02 00 C4 18 | .1...1... ......
0000000000000300 | 40 00 80 18 03 08 00 10  63 00 01 00 62 0C 20 00 | @.......c...b. .
0000000000000310 | 40 8C 01 04 00 88 31 80  00 00 31 06 10 00 20 C6 | @.....1...1... .
0000000000000320 | 00 02 00 C4 18 40 00 80  18 03 08 00 10 63 00 01 | .....@.......c..
0000000000000330 | 00 62 0C 20 00 40 8C 01  04 00 88 31 80 00 00 31 | .b. .@.....1...1
0000000000000340 | 06 10 00 20 C6 00 02 00  C4 18 40 00 80 18 03 08 | ... ......@.....
0000000000000350 | 00 10 63 00 01 00 62 0C  20 00 40 8C 01 04 00 88 | ..c...b. .@.....
0000000000000360 | 31 80 00 00 31 06 10 00  20 C6 00 02 00 C4 18 40 | 1...1... ......@
0000000000000370 | 00 80 18 03 08 00 10 63  00 01 00 62 0C 20 00 40 | .......c...b. .@
0000000000000380 | 8C 01 04 00 88 31 80 00  00 31 06 10 00 20 C6 00 | .....1...1... ..
0000000000000390 | 02 00 C4 18 40 00 80 18  03 08 00 10 63 00 01 00 | ....@.......c...
00000000000003A0 | 62 0C 20 00 40 8C 01 04  00 88 31 80 00 00 31 06 | b. .@.....1...1.
00000000000003B0 | 10 00 20 C6 00 02 00 C4  18 40 00 80 18 03 08 00 | .. ......@......
00000000000003C0 | 10 63 00 01 00 62 0C 20  00 40 8C 01 04 00 88 31 | .c...b. .@.....1
00000000000003D0 | 80 00 00 31 06 10 00 20  C6 00 02 00 C4 18 40 00 | ...1... ......@.
00000000000003E0 | 80 18 03 08 00 10 63 00  01 00 62 0C 20 00 40 8C | ......c...b. .@.
00000000000003F0 | 01 04 00 88 31 80 00 00  31 06 10 00 20 C6 00 02 | ....1...1... ...
0000000000000400 | 00 C4 18 40 00 80 18 03  08 00 10 63 00 01 00 62 | ...@.......c...b
0000000000000410 | 0C 20 00 40 8C 01 04 00  88 31 80 00 00 31 06 10 | . .@.....1...1..
0000000000000420 | 00 20 C6 00 02 00 C4 18  40 00 80 18 03 08 00 10 | . ......@.......
0000000000000430 | 63 00 01 00 62 0C 20 00  40 8C 01 04 00 88 31 80 | c...b. .@.....1.
0000000000000440 | 00 00 31 06 10 00 20 C6  00 02 00 C4 18 40 00 80 | ..1... ......@..
0000000000000450 | 18 03 08 00 10 63 00 01  00 62 0C 20 00 40 8C 01 | .....c...b. .@..
0000000000000460 | 04 00 88 31 80 00 00 31  06 10 00 20 C6 00 02 00 | ...1...1... ....
0000000000000470 | C4 18 40 00 80 18 03 08  00 10 63 00 01 00 62 0C | ..@.......c...b.
0000000000000480 | 20 00 40 8C 01 04 00 88  31 80 00 00 31 06 10 00 |  .@.....1...1...
0000000000000490 | 20 C6 00 02 00 C4 18 40  00 80 18 03 08 00 10 63 |  ......@.......c
00000000000004A0 | 00 01 00 62 0C 20 00 40  8C 01 04 00 88 31 80 00 | ...b. .@.....1..
00000000000004B0 | 00 31 06 10 00 20 C6 00  02 00 C4 18 40 00 80 18 | .1... ......@...
00000000000004C0 | 03 08 00 10 63 00 01 00  62 0C 20 00 40 8C 01 04 | ....c...b. .@...
00000000000004D0 | 00 88 31 80 00 00 31 06  10 00 20 C6 00 02 00 C4 | ..1...1... .....
00000000000004E0 | 18 40 00 80 18 03 08 00  10 63 00 01 00 62 0C 20 | .@.......c...b. 
00000000000004F0 | 00 40 8C 01 04 00 88 31  80 00 00 31 06 10 00 20 | .@.....1...1... 
0000000000000500 | C6 00 02 00 C4 18 40 00  80 18 03 08 00 10 63 00 | ......@.......c.
0000000000000510 | 01 00 62 0C 20 00 40 8C  01 04 00 88 31 80 00 00 | ..b. .@.....1...
0000000000000520 | 31 06 10 00 20 C6 00 02  00 C4 18 40 00 80 18 03 | 1... ......@....
0000000000000530 | 08 00 10 63 00 01 00 62  0C 20 00 40 8C 01 04 00 | ...c...b. .@....
0000000000000540 | 88 31 80 00 00 31 06 10  00 20 C6 00 02 00 C4 18 | .1...1... ......
0000000000000550 | 40 00 80 18 03 08 00 10  63 00 01 00 62 0C 20 00 | @.......c...b. .
0000000000000560 | 40 8C 01 04 00 88 31 80  00 00 31 06 10 00 20 C6 | @.....1...1... .
0000000000000570 | 00 02 00 C4 18 40 00 80  18 03 08 00 10 63 00 01 | .....@.......c..
0000000000000580 | 00 62 0C 20 00 40 8C 01  04 00 88 31 80 00 00 31 | .b. .@.....1...1
0000000000000590 | 06 10 00 20 C6 00 02 00  C4 18 40 00 80 18 03 08 | ... ......@.....
00000000000005A0 | 00 10 63 00 01 00 62 0C  20 00 40 8C 01 04 00 88 | ..c...b. .@.....
00000000000005B0 | 31 80 00 00 31 06 10 00  20 C6 00 02 00 C4 18 40 | 1...1... ......@
00000000000005C0 | 00 80 18 03 08 00 10 63  00 01 00 62 0C 20 00 40 | .......c...b. .@
00000000000005D0 | 8C 01 04 00 88 31 80 00  00 31 06 10 00 20 C6 00 | .....1...1... ..
00000000000005E0 | 02 00 C4 18 40 00 80 18  03 08 00 10 63 00 01 00 | ....@.......c...
00000000000005F0 | 62 0C 20 00 40 8C 01 04  00 88 31 80 00 00 31 06 | b. .@.....1...1.
0000000000000600 | 10 00 20 C6 00 02 00 C4  18 40 00 80 18 03 08 00 | .. ......@......
0000000000000610 | 10 63 00 01 00 62 0C 20  00 40 8C 01 04 00 88 31 | .c...b. .@.....1
0000000000000620 | 80 00 00 31 06 10 00 20  C6 00 02 00 C4 18 40 00 | ...1... ......@.
0000000000000630 | 80 18 03 08 00 10 63 00  01 00 62 0C 20 00 40 8C | ......c...b. .@.
0000000000000640 | 01 04 00 88 31 80 00 00  31 06 10 00 20 C6 00 02 | ....1...1... ...
0000000000000650 | 00 C4 18 40 00 80 18 03  08 00 10 63 00 01 00 62 | ...@.......c...b
0000000000000660 | 0C 20 00 40 8C 01 04 00  88 31 80 00 00 31 06 10 | . .@.....1...1..
0000000000000670 | 00 20 C6 00 02 00 C4 18  40 00 80 18 03 08 00 10 | . ......@.......
0000000000000680 | 63 00 01 00 62 0C 20 00  40 8C 01 04 00 88 31 80 | c...b. .@.....1.
0000000000000690 | 00 00 31 06 10 00 20 C6  00 02 00 C4 18 40 00 80 | ..1... ......@..
00000000000006A0 | 18 03 08 00 10 63 00 01  00 62 0C 20 00 40 8C 01 | .....c...b. .@..
00000000000006B0 | 04 00 88 31 80 00 00 31  06 10 00 20 C6 00 02 00 | ...1...1... ....
00000000000006C0 | C4 18 40 00 80 18 03 08  00 10 63 00 01 00 62 0C | ..@.......c...b.
00000000000006D0 | 20 00 40 8C 01 04 00 88  31 80 00 00 31 06 10 00 |  .@.....1...1...
00000000000006E0 | 20 C6 00 02 00 C4 18 40  00 80 18 03 08 00 10 63 |  ......@.......c
00000000000006F0 | 00 01 00 62 0C 20 00 40  8C 01 04 00 88 31 80 00 | ...b. .@.....1..
0000000000000700 | 00 31 06 10 00 20 C6 00  02 00 C4 18 40 00 80 18 | .1... ......@...
0000000000000710 | 03 08 00 10 63 00 01 00  62 0C 20 00 40 8C 01 04 | ....c...b. .@...
0000000000000720 | 00 88 31 80 00 00 31 06  10 00 20 C6 00 02 00 C4 | ..1...1... .....
0000000000000730 | 18 40 00 80 18 03 08 00  10 63 00 01 00 62 0C 20 | .@.......c...b. 
0000000000000740 | 00 40 8C 01 04 00 88 31  80 00 00 31 06 10 00 20 | .@.....1...1... 
0000000000000750 | C6 00 02 00 C4 18 40 00  80 18 03 08 00 10 63 00 | ......@.......c.
0000000000000760 | 01 00 62 0C 20 00 40 8C  01 04 00 88 31 80 00 00 | ..b. .@.....1...
0000000000000770 | 31 06 10 00 20 C6 00 02  00 C4 18 40 00 80 18 03 | 1... ......@....
0000000000000780 | 08 00 10 63 00 01 00 62  0C 20 00 40 8C 01 04 00 | ...c...b. .@....
0000000000000790 | 88 31 80 00 00 31 06 10  00 20 C6 00 02 00 C4 18 | .1...1... ......
00000000000007A0 | 40 00 80 18 03 08 00 10  63 00 01 00 62 0C 20 00 | @.......c...b. .
00000000000007B0 | 40 8C 01 04 00 88 31 80  00 00 31 06 10 00 20 C6 | @.....1...1... .
00000000000007C0 | 00 02 00 C4 18 40 00 80  18 03 08 00 10 63 00 01 | .....@.......c..
00000000000007D0 | 00 62 0C 20 00 40 8C 01  04 00 88 31 80 00 00 31 | .b. .@.....1...1
00000000000007E0 | 06 10 00 20 C6 00 02 00  C4 18 40 00 80 18 03 08 | ... ......@.....
00000000000007F0 | 00 10 63 00 01 00 62 0C  20 00 40 8C 01 04 00 88 | ..c...b. .@.....
0000000000000800 | 31 80 00 00 31 06 10 00  20 C6 00 02 00 C4 18 40 | 1...1... ......@
0000000000000810 | 00 80 18 03 08 00 10 63  00 01 00 62 0C 20 00 40 | .......c...b. .@
0000000000000820 | 8C 01 04 00 88 31 80 00  00 31 06 10 00 20 C6 00 | .....1...1... ..
0000000000000830 | 02 00 C4 18 40 00 80 18  03 08 00 10 63 00 01 00 | ....@.......c...
0000000000000840 | 62 0C 20 00 40 8C 01 04  00 88 31 80 00 00 31 06 | b. .@.....1...1.
0000000000000850 | 10 00 20 C6 00 02 00 C4  18 40 00 80 18 03 08 00 | .. ......@......
0000000000000860 | 10 63 00 01 00 62 0C 20  00 40 8C 01 04 00 88 31 | .c...b. .@.....1
0000000000000870 | 80 00 00 31 06 10 00 20  C6 00 02 00 C4 18 40 00 | ...1... ......@.
0000000000000880 | 80 18 03 08 00 10 63 00  01 00 62 0C 20 00 40 8C | ......c...b. .@.
0000000000000890 | 01 04 00 88 31 80 00 00  31 06 10 00 20 C6 00 02 | ....1...1... ...
00000000000008A0 | 00 C4 18 40 00 80 18 03  08 00 10 63 00 01 00 62 | ...@.......c...b
00000000000008B0 | 0C 20 00 40 8C 01 04 00  88 31 80 00 00 31 06 10 | . .@.....1...1..
00000000000008C0 | 00 20 C6 00 02 00 C4 18  40 00 80 18 03 08 00 10 | . ......@.......
00000000000008D0 | 63 00 01 00 62 0C 20 00  40 8C 01 04 00 88 31 80 | c...b. .@.....1.
00000000000008E0 | 00 00 31 06 10 00 20 C6  00 02 00 C4 18 40 00 80 | ..1... ......@..
00000000000008F0 | 18 03 08 00 10 63 00 01  00 62 0C 20 00 40 8C 01 | .....c...b. .@..
0000000000000900 | 04 00 88 31 80 00 00 31  06 10 00 20 C6 00 02 00 | ...1...1... ....
0000000000000910 | C4 18 40 00 80 18 03 08  00 10 63 00 01 00 62 0C | ..@.......c...b.
0000000000000920 | 20 00 40 8C 01 04 00 88  31 80 00 00 31 06 10 00 |  .@.....1...1...
0000000000000930 | 20 C6 00 02 00 C4 18 40  00 80 18 03 08 00 10 63 |  ......@.......c
0000000000000940 | 00 01 00 62 0C 20 00 40  8C 01 04 00 88 31 80 00 | ...b. .@.....1..
0000000000000950 | 00 31 06 10 00 20 C6 00  02 00 C4 18 40 00 80 18 | .1... ......@...
0000000000000960 | 03 08 00 10 63 00 01 00  62 0C 20 00 40 8C 01 04 | ....c...b. .@...
0000000000000970 | 00 88 31 80 00 00 31 06  10 00 20 C6 00 02 00 C4 | ..1...1... .....
0000000000000980 | 18 40 00 80 18 03 08 00  10 63 00 01 00 62 0C 20 | .@.......c...b. 
0000000000000990 | 00 40 8C 01 04 00 88 B9  FF 17 00 EA 79 7D A4 4C | .@..........y}.L
00000000000009A0 | 00 00 00 00 49 45 4E 44  AE 42 60 82 00 00 03 0C | ....IEND.B`.....
00000000000009B0 | 49 50 4E 47 89 50 4E 47  0D 0A 1A 0A 00 00 00 0D | IPNG.PNG........
00000000000009C0 | 49 48 44 52 00 00 00 40  00 00 00 40 08 06 00 00 | IHDR...@...@....
00000000000009D0 | 00 AA 69 71 DE 00 00 00  09 70 48 59 73 00 00 0B | ..iq.....pHYs...
00000000000009E0 | 12 00 00 0B 12 01 D2 DD  7E FC 00 00 00 13 74 45 | ........~.....tE
00000000000009F0 | 58 74 6F 62 6A 65 63 74  20 74 79 70 65 00 74 65 | Xtobject type.te
0000000000000A00 | 78 74 75 72 65 68 09 4E  6A 00 00 00 16 77 61 44 | xtureh.Nj....waD
0000000000000A10 | 41 69 6D 61 67 65 20 70  6F 73 69 74 69 6F 6E 31 | Aimage position1
0000000000000A20 | 20 78 00 00 00 00 00 87  13 4E 65 00 00 00 16 77 |  x.......Ne....w
0000000000000A30 | 61 44 41 69 6D 61 67 65  20 70 6F 73 69 74 69 6F | aDAimage positio
0000000000000A40 | 6E 31 20 79 00 00 00 00  00 4C 4F 9D C0 00 00 00 | n1 y.....LO.....
0000000000000A50 | 16 77 61 44 41 69 6D 61  67 65 20 70 6F 73 69 74 | .waDAimage posit
0000000000000A60 | 69 6F 6E 32 20 78 00 00  00 00 3F BF FA 64 BB 00 | ion2 x....?..d..
0000000000000A70 | 00 00 16 77 61 44 41 69  6D 61 67 65 20 70 6F 73 | ...waDAimage pos
0000000000000A80 | 69 74 69 6F 6E 32 20 79  00 00 00 00 00 C2 C0 9A | ition2 y........
0000000000000A90 | 23 00 00 00 16 77 61 44  41 69 6D 61 67 65 20 70 | #....waDAimage p
0000000000000AA0 | 6F 73 69 74 69 6F 6E 33  20 78 00 00 00 00 3F 73 | osition3 x....?s
0000000000000AB0 | 50 64 25 00 00 00 16 77  61 44 41 69 6D 61 67 65 | Pd%....waDAimage
0000000000000AC0 | 20 70 6F 73 69 74 69 6F  6E 33 20 79 00 00 00 00 |  position3 y....
0000000000000AD0 | 3F B8 0C B7 80 00 00 00  16 77 61 44 41 69 6D 61 | ?........waDAima
0000000000000AE0 | 67 65 20 70 6F 73 69 74  69 6F 6E 34 20 78 00 00 | ge position4 x..
0000000000000AF0 | 00 00 00 CF F3 40 01 00  00 00 16 77 61 44 41 69 | .....@.....waDAi
0000000000000B00 | 6D 61 67 65 20 70 6F 73  69 74 69 6F 6E 34 20 79 | mage position4 y
0000000000000B10 | 00 00 00 00 3F B2 C9 BE  99 00 00 00 10 77 61 44 | ....?........waD
0000000000000B20 | 41 69 6D 61 67 65 20 61  6C 70 68 61 00 00 00 00 | Aimage alpha....
0000000000000B30 | FF 86 1C 5A 2D 00 00 00  11 77 61 44 41 69 6D 61 | ...Z-....waDAima
0000000000000B40 | 67 65 20 68 69 64 64 65  6E 00 00 00 00 00 F9 29 | ge hidden......)
0000000000000B50 | EB 1A 00 00 00 19 77 61  44 41 74 65 78 74 75 72 | ......waDAtextur
0000000000000B60 | 65 20 6F 62 6A 65 63 74  20 74 79 70 65 00 63 6F | e object type.co
0000000000000B70 | 6C 6F 72 A6 92 70 71 00  00 00 13 77 61 44 41 74 | lor..pq....waDAt
0000000000000B80 | 65 78 74 75 72 65 20 63  6F 6C 6F 72 31 00 00 56 | exture color1..V
0000000000000B90 | 34 12 01 5C 58 6E 00 00  00 13 77 61 44 41 74 65 | 4..\Xn....waDAte
0000000000000BA0 | 78 74 75 72 65 20 63 6F  6C 6F 72 32 00 00 00 00 | xture color2....
0000000000000BB0 | 00 A7 6A FA 7D 00 00 00  12 77 61 44 41 74 65 78 | ..j.}....waDAtex
0000000000000BC0 | 74 75 72 65 20 61 6E 67  6C 65 00 00 00 00 00 B8 | ture angle......
0000000000000BD0 | 88 77 B2 00 00 00 12 77  61 44 41 74 65 78 74 75 | .w.....waDAtextu
0000000000000BE0 | 72 65 20 6C 65 76 65 6C  00 00 00 00 00 CD A5 47 | re level.......G
0000000000000BF0 | 71 00 00 00 12 77 61 44  41 74 65 78 74 75 72 65 | q....waDAtexture
0000000000000C00 | 20 70 61 74 68 6E 61 6D  65 00 40 96 3F 89 D5 00 |  pathname.@.?...
0000000000000C10 | 00 00 99 49 44 41 54 78  9C ED D0 31 11 00 20 10 | ...IDATx...1.. .
0000000000000C20 | C0 B0 D7 80 16 B4 E0 DF  09 C8 C8 40 87 EC BD CE | ...........@....
0000000000000C30 | DA E7 FE 6C 74 80 D6 00  1D A0 35 40 07 68 0D D0 | ...lt.....5@.h..
0000000000000C40 | 01 5A 03 74 80 D6 00 1D  A0 35 40 07 68 0D D0 01 | .Z.t.....5@.h...
0000000000000C50 | 5A 03 74 80 D6 00 1D A0  35 40 07 68 0D D0 01 5A | Z.t.....5@.h...Z
0000000000000C60 | 03 74 80 D6 00 1D A0 35  40 07 68 0D D0 01 5A 03 | .t.....5@.h...Z.
0000000000000C70 | 74 80 D6 00 1D A0 35 40  07 68 0D D0 01 5A 03 74 | t.....5@.h...Z.t
0000000000000C80 | 80 D6 00 1D A0 35 40 07  68 0D D0 01 5A 03 74 80 | .....5@.h...Z.t.
0000000000000C90 | D6 00 1D A0 35 40 07 68  0D D0 01 5A 03 74 80 D6 | ....5@.h...Z.t..
0000000000000CA0 | 00 1D A0 35 40 07 68 0D  D0 01 DA 03 53 E1 B1 78 | ...5@.h.....S..x
0000000000000CB0 | 98 05 C0 A9 00 00 00 00  49 45 4E 44 AE 42 60 82 | ........IEND.B`.
0000000000000CC0 | 00 00 00 00 4D 45 4E 44                          | ....MEND        
